id,timestamp,acc_x,acc_y,acc_z,gyro_x,gyro_y,gyro_z
0,1778412907770,-0.38140563499999997,-0.05951947875,-0.5851256125,0.05007992624999999,-3.9682166125,0.14255647500000002
1,1778412907780,-0.306947796,-0.0912431238,-0.195480921,-0.8415948200000001,-4.19328292,0.083518092
2,1778412907790,-0.236091,-0.11322815233333333,0.21383362333333336,-1.1244849666666668,-4.206905022222222,0.029388539999999994
3,1778412907800,-0.15214302666666668,-0.13478428666666667,0.6452307466666667,-1.412533388888889,-4.273419555555556,-0.1432097488888889
4,1778412907810,-0.10982348,-0.16098501,0.9073394999999999,-1.4438902,-4.352287,-0.28526568
5,1778412907820,-0.112662064,-0.172010037,1.2563416200000002,-1.22569555,-4.41514296,-0.47285686600000004
6,1778412907830,-0.14692931,-0.1741565,1.5606399,-0.9157788244444445,-4.446289199999999,-0.6373173177777778
7,1778412907840,-0.31743721,-0.22728968666666663,1.7549093333333332,-0.5969759488888889,-4.404751555555555,-0.6696922377777779
8,1778412907850,-0.44510521599999997,-0.259002912,1.8712128,-0.083090492,-4.23396545,-0.581099027
9,1778412907860,-0.5112798,-0.25763696,1.9323384,0.29954422,-3.9772264999999996,-0.42881477
10,1778412907870,-0.49012006111111117,-0.1983550577777778,1.7968527444444444,0.6581794355555556,-3.622460055555556,-0.22899984599999998
11,1778412907880,-0.43202215199999994,-0.1286386045,1.65133106,0.984548366,-3.1629060300000003,-0.02735832076
12,1778412907890,-0.37833847555555555,-0.08596030255555555,1.4685342111111113,0.9631279666666668,-2.968989122222222,-0.0065920608
13,1778412907900,-0.331491914,-0.026907056549999996,1.30171317,0.742286318,-2.75492122,-0.050150563
14,1778412907910,-0.2894681,-0.0050307815,1.2743732,0.59947026,-2.6223674,-0.08735116
15,1778412907920,-0.27945735666666666,0.0026153284000000002,1.2925415777777778,0.5039065844444445,-2.534642877777778,-0.1496575788888889
16,1778412907930,-0.240367696,0.0395815756,1.4354008,0.387322988,-2.3113086199999997,-0.338226125
17,1778412907940,-0.29930608666666664,-0.0017074170000000004,1.3196908333333335,0.5317340511111112,-2.2033176111111112,-0.4299007266666666
18,1778412907950,-0.31843999333333334,-0.04807868544444444,1.0669118111111109,0.6482701666666667,-2.266990011111111,-0.4738138555555556
19,1778412907960,-0.307761856,-0.08597453000000001,0.9941189999999999,0.5695387,-2.5521197,-0.5210527
20,1778412907970,-0.2811885022222222,-0.12516652111111112,1.1968923333333334,0.12063385388888889,-2.705171011111111,-0.5661196633333333
21,1778412907980,-0.27480263,-0.14415476,1.365415,-0.085289545,-2.6993341,-0.58091575
22,1778412907990,-0.285580684,-0.171131941,1.5152408300000002,-0.2543033525,-2.48711814,-0.564178535
23,1778412908000,-0.4021474611111111,-0.2838309233333333,1.9698879999999999,-0.4970769522222222,-1.6541658777777777,-0.43838472444444443
24,1778412908010,-0.42343935,-0.30254814,2.014081,-0.49402272999999997,-1.3877686,-0.38239038
25,1778412908020,-0.44590678222222224,-0.3372385133333333,2.0635486555555556,-0.37728302999999996,-0.9859668666666666,-0.23836617333333335
26,1778412908030,-0.45148978,-0.34255046,2.0921953,-0.24357535000000002,-0.666358,-0.09345963
27,1778412908040,-0.42860900444444444,-0.32210890666666664,2.088231611111111,-0.16397006444444445,-0.38611486,-0.002519745555555556
28,1778412908050,-0.40162573555555553,-0.3004308044444444,2.0630233888888885,-0.08121723333333333,0.17806197666666665,0.10799270333333334
29,1778412908060,-0.42100018,-0.30081022,2.0233498,-0.06940752,0.47783527000000003,0.13568445
30,1778412908070,-0.46786267,-0.32839314,1.8996230333333333,-0.07090070222222222,0.6861341722222222,0.16982402666666668
31,1778412908080,-0.5149691,-0.35499024,1.7763841,-0.08284616,1.1558757,0.28717458
32,1778412908090,-0.5071027811111111,-0.34552830444444443,1.7645880222222223,-0.08834378444444445,1.2118021666666665,0.31527355444444444
33,1778412908100,-0.44417223,-0.26983282,1.6702194,-0.13232478,1.6592139,0.54006535
34,1778412908110,-0.402215535,-0.223705129,1.59269961,-0.181872138,1.8868155299999998,0.5389658020000001
35,1778412908120,-0.41458719555555557,-0.20567934999999998,1.4783213222222225,-0.2995018055555556,2.1186388999999997,0.4818312188888889
36,1778412908130,-0.44254103699999997,-0.21311609599999998,1.44474279,-0.345647919,2.19303332,0.46254880299999995
37,1778412908140,-0.48070891666666665,-0.22874301666666666,1.4290264333333331,-0.4049747688888889,2.303182588888889,0.48841480444444446
38,1778412908150,-0.5169305500000001,-0.24088465444444443,1.4413984555555555,-0.4447477066666667,2.4103524,0.5345677066666666
39,1778412908160,-0.526238,-0.24097138999999998,1.46509158,-0.459448756,2.5517227599999996,0.600233785
40,1778412908170,-0.5105446777777778,-0.23454281666666665,1.4698724333333333,-0.4538425466666667,2.7119073333333334,0.6698364566666667
41,1778412908180,-0.49249824999999997,-0.22979999,1.4681649,-0.43721393,2.843036,0.72637373
42,1778412908190,-0.476253376,-0.224531396,1.45292622,-0.41705596399999995,2.94387158,0.7611920120000001
43,1778412908200,-0.4331722944444445,-0.19654601333333332,1.379446988888889,-0.33588115555555553,3.2520404333333333,0.8282495
44,1778412908210,-0.44514792999999997,-0.19028549,1.3256261,-0.29305398,3.3623323,0.84426725
45,1778412908220,-0.44514792999999997,-0.19028549,1.3256261,-0.2702490111111111,3.388938122222222,0.8624569433333333
46,1778412908230,-0.4440638411111111,-0.13800601444444444,1.194615788888889,-0.21058959,3.4136436,0.897411
47,1778412908240,-0.408276875,-0.0909412865,1.14143255,-0.183437434,3.4368557199999996,0.866868624
48,1778412908250,-0.38505974888888894,-0.06553228555555556,1.1248997444444444,-0.14494897333333334,3.4834837333333333,0.8031368999999999
49,1778412908260,-0.4074323222222222,-0.08108535444444444,1.118225788888889,-0.10612623111111111,3.560993377777778,0.7417806777777778
50,1778412908270,-0.465423512,-0.103682876,1.023206,-0.0582290104,3.71692915,0.72173131
51,1778412908280,-0.46981403,-0.10485368,0.9356338999999999,-0.040697698,3.80031,0.7337039
52,1778412908290,-0.452224565,-0.076974002,0.8354756,-0.051143185300000005,3.84044262,0.7260072799999999
53,1778412908300,-0.4077575322222222,-0.021254627444444445,0.6996241444444444,-0.060109067111111116,3.7037281111111113,0.6175071966666668
54,1778412908310,-0.42197582,-0.016525354,0.6840338,-0.072461754,3.6286618999999996,0.53578943
55,1778412908320,-0.42900062000000005,-0.0156350584,0.66372774,-0.072461754,3.6286619,0.53578943
56,1778412908330,-0.4696412066666667,-0.021800051666666667,0.6253007033333333,-0.048027865,3.5372383666666667,0.44395869666666665
57,1778412908340,-0.5102906155555555,-0.018056609111111108,0.4611041344444444,-0.034589224555555555,3.4422855444444442,0.38355269444444445
58,1778412908350,-0.53756184,-0.0088358816,0.420756264,-0.164340807,3.33569951,0.32388648999999997
59,1778412908360,-0.5723742055555556,-0.006575586877777778,0.49357894,-0.26142564,3.357581233333333,0.3151378
60,1778412908370,-0.5627036000000001,0.0030672522799999997,0.5197863899999999,-0.266298858,3.44113178,0.3243141
61,1778412908380,-0.5168899388888889,0.015458219777777775,0.51615477,-0.24235364999999998,3.4973297,0.3067217
62,1778412908390,-0.47371664999999996,0.034971554,0.4949069300000001,-0.19959435,3.5736855999999997,0.2719034
63,1778412908400,-0.484964275,0.039374250799999996,0.404560191,-0.186980354,3.5496793099999997,0.215277852
64,1778412908410,-0.5647281,0.009604218,0.28257746,-0.17630579,3.4893887,0.08681667
65,1778412908420,-0.5750030399999999,0.019848719333333334,0.1755183733333333,-0.22239930666666666,3.3733276666666665,0.06360447
66,1778412908430,-0.5769544,0.021800052,0.17226616,-0.23502348,3.2743704,0.03672719
67,1778412908440,-0.5846513511111111,0.015647931666666667,0.16541276444444444,-0.23929941,3.1982181,-0.0095190368
68,1778412908450,-0.588564892,0.013702018800000002,0.0934444754,-0.274850724,3.15592716,-0.072935162
69,1778412908460,-0.5965761644444445,0.011176125555555555,0.012046772333333332,-0.38142321333333334,3.1957747,-0.10160426
70,1778412908470,-0.61679752,0.015322709444444443,-0.05423758511111112,-0.4744077511111111,3.2022903333333335,-0.10798422111111111
71,1778412908480,-0.65259904,0.004481969,-0.054454394,-0.5667136,3.143649,-0.09712471
72,1778412908490,-0.63650054,0.028873637,0.0028965105,-0.5587725,3.099668,-0.08124269
73,1778412908500,-0.5858438044444445,0.05429517177777778,-0.02694601738888889,-0.5018958766666667,3.019918611111111,-0.12637750888888888
74,1778412908510,-0.572545596,0.08573671000000001,-0.084907394,-0.42811230799999994,2.92643175,-0.241529005
75,1778412908520,-0.6144464266666667,0.07354087766666667,-0.10237386,-0.39364014999999997,2.9070475333333334,-0.30460916666666665
76,1778412908530,-0.649916,0.06232071299999999,-0.1264403,-0.36146885,2.9213006,-0.32130566
77,1778412908540,-0.6724918122222223,0.05053140444444445,-0.2266392377777778,-0.3514238188888889,2.902839444444444,-0.26945152222222224
78,1778412908550,-0.6729796344444444,0.05454247622222222,-0.2937840888888889,-0.35983994444444445,2.879338822222222,-0.22404520777777778
79,1778412908560,-0.614974908,0.0745226388,-0.33857465,-0.38297069,2.8559858,-0.21636210399999997
80,1778412908570,-0.5237703822222222,0.11211019977777778,-0.3754792388888889,-0.41278005,2.8264072666666666,-0.2708768222222222
81,1778412908580,-0.48542467000000006,0.12064728,-0.4595695,-0.41278005,2.7422462,-0.3903314
82,1778412908590,-0.617718986,0.069488811,-0.50755703,-0.45230186000000006,2.63449271,-0.496191228
83,1778412908600,-0.7393622244444444,0.03548648844444444,-0.5530708488888889,-0.5105155888888889,2.456640966666667,-0.4907818444444444
84,1778412908610,-0.7275729099999999,0.051006023899999996,-0.49003163699999996,-0.520350271,2.35283081,-0.41904122
85,1778412908620,-0.6532393166666667,0.09656050733333334,-0.42728104,-0.46870649222222216,2.267006777777778,-0.36270754
86,1778412908630,-0.60573655,0.11967161,-0.3851444,-0.38223767,2.2285235,-0.37506023
87,1778412908640,-0.576625084,0.134648094,-0.46154217,-0.22289816399999998,2.16328508,-0.469863732
88,1778412908650,-0.6069697166666667,0.09824759666666666,-0.683979611111111,-0.08386423666666666,2.051377866666667,-0.59516887
89,1778412908660,-0.6707979777777777,0.04219758622222222,-0.8278362511111111,-0.1422510588888889,1.9495698666666665,-0.6433579122222223
90,1778412908670,-0.6995590999999999,0.0044728219,-0.847390938,-0.29012192400000003,1.8754538,-0.631616048
91,1778412908680,-0.6872657,-0.017744938,-0.8502936,-0.41766682,1.8241426000000003,-0.599852
92,1778412908690,-0.672700815,-0.0157783591,-0.8080441199999999,-0.46769519200000004,1.7482754800000002,-0.593254865
93,1778412908700,-0.67772245,-0.03725827,-0.81026065,-0.47386475999999994,1.6329474,-0.5882459
94,1778412908710,-0.7180059755555556,-0.06818826166666667,-0.8063580355555556,-0.46592374000000003,1.546546511111111,-0.5571605644444444
95,1778412908720,-0.758471055,-0.102902342,-0.813236425,-0.43593113299999997,1.43112347,-0.460762087
96,1778412908730,-0.77315485,-0.11656168,-0.79343045,-0.41155833,1.4063231,-0.40560257
97,1778412908740,-0.7391623555555555,-0.11352627444444445,-0.7655189222222222,-0.23853585111111109,1.304040111111111,-0.22614921555555556
98,1778412908750,-0.7048917,-0.09824353499999999,-0.8198649,-0.041003124,1.17853816,-0.10940273959999999
99,1778412908760,-0.6794299,-0.08338901,-0.8934972,0.09837186222222222,1.042529611111111,-0.030941111333333333
100,1778412908770,-0.640363569,-0.0455544862,-1.0268555899999998,0.16637951599999998,0.86682282,0.0088725568
101,1778412908780,-0.62646943,-0.034087352,-1.0889659,0.16088189,0.7832589,0.014736691
102,1778412908790,-0.6294066455555556,-0.044765485111111114,-1.1178429666666667,0.05086151666666667,0.6234205455555555,0.005370365644444444
103,1778412908800,-0.64323267,-0.05994862199999999,-1.0947223799999999,-0.024082653599999997,0.47123812000000004,0.00245866026
104,1778412908810,-0.6481543544444445,-0.08263016333333334,-1.060278611111111,-0.04497363,0.30740887,0.012904149
105,1778412908820,-0.649915956,-0.08734046300000001,-1.02853556,-0.0221890276,0.0512042721,0.0441184435
106,1778412908830,-0.65479434,-0.090462595,-0.9986558000000001,0.023441264,-0.115373775,0.066658705
107,1778412908840,-0.64918425,-0.08797464499999999,-0.971483496,0.0962542592,-0.3142045515,0.0901152425
108,1778412908850,-0.64796466,-0.07509585,-0.95279956,0.18456920444444444,-0.5337362588888889,0.1062959051111111
109,1778412908860,-0.6599165555555555,-0.07807705333333333,-0.9548050377777777,0.20771352333333332,-0.6920136033333333,0.11654456399999999
110,1778412908870,-0.66972199,-0.075900774,-0.9447655420000001,0.20535158199999998,-0.9077648540000001,0.132752384
111,1778412908880,-0.6669901,-0.07777893,-0.9254504,0.18775918,-0.9894962299999999,0.13934954
112,1778412908890,-0.6881431355555556,-0.08504222333333333,-0.8699186533333333,0.1357692888888889,-1.0799016255555556,0.14464354666666665
113,1778412908900,-0.7007299180000001,-0.09382864599999999,-0.8230601820000001,0.09491039,-1.1196066,0.15767495
114,1778412908910,-0.7019278444444443,-0.0941484511111111,-0.7834230666666666,0.1027156611111111,-1.1745150000000002,0.19140729333333334
115,1778412908920,-0.732884232,-0.101829112,-0.7359332000000001,0.19936526799999998,-1.26474398,0.24465959599999998
116,1778412908930,-0.74364096,-0.10143884,-0.7441288,0.26289338,-1.3272947,0.3018349
117,1778412908940,-0.7375328733333334,-0.09981273,-0.7515276133333333,0.26289338,-1.3272947,0.3018349
118,1778412908950,-0.68438751,-0.0445574777,-0.746567934,0.346212952,-1.43449841,0.379656835
119,1778412908960,-0.6539812166666666,-0.006839830000000001,-0.7804825066666666,0.5015310633333334,-1.6976717666666667,0.43418515
120,1778412908970,-0.64284235,0.017409554,-0.8323046000000001,0.5434759,-1.9198165666666667,0.4146380233333333
121,1778412908980,-0.64235455,0.017409554,-0.8539521999999999,0.5035672,-2.0236607,0.40567893
122,1778412908990,-0.6399153944444445,0.018683338666666667,-0.8269723444444446,0.4286366088888889,-2.0664878222222223,0.4024889488888889
123,1778412909000,-0.64464736,0.016580235,-0.74763508,0.25904504300000003,-2.13226932,0.40213601600000004
124,1778412909010,-0.6538186,0.017165635,-0.712877,0.22441001000000002,-2.142165,0.40873316
125,1778412909020,-0.677539518888889,0.004617478044444444,-0.6608719000000001,0.16909439888888889,-2.1378212333333333,0.43751086222222224
126,1778412909030,-0.69043666,-0.0021037813,-0.6386958,0.14805411,-2.1348348,0.45271417
127,1778412909040,-0.6565152799999999,0.00843883888888889,-0.5627259222222222,0.21938748111111112,-2.2554432111111113,0.5266945633333333
128,1778412909050,-0.6209915266666667,0.027200096,-0.5651583444444443,0.2997478333333333,-2.3710545000000005,0.5272375600000001
129,1778412909060,-0.606078042,0.0481125622,-0.55430066,0.400456206,-2.5320840000000002,0.488143324
130,1778412909070,-0.6271301,0.032451079,-0.5793935466666666,0.4952868455555556,-2.7298085333333333,0.4518997155555555
131,1778412909080,-0.638208,0.018141301,-0.60232174,0.50051296,-2.8215034,0.46187687000000005
132,1778412909090,-0.6184202333333333,0.013506885333333333,-0.5527965,0.46155448555555556,-2.954396666666667,0.4937766855555555
133,1778412909100,-0.6120784,0.007165052000000001,-0.5137495,0.44675842,-3.0389652,0.5137989
134,1778412909110,-0.5897783139999999,0.003945352,-0.477277852,0.401922232,-3.10432572,0.544829964
135,1778412909120,-0.5615571500000001,0.009495811333333333,-0.424249,0.2878702511111111,-3.131474511111111,0.5854716422222223
136,1778412909130,-0.5395945,0.026932466000000002,-0.36170810666666664,0.20377695444444444,-3.143555777777778,0.6019644977777778
137,1778412909140,-0.49323002000000005,0.076626424,-0.260271292,0.191179928,-3.23089332,0.5784265120000001
138,1778412909150,-0.4730933244444444,0.10815333266666666,-0.17896369777777776,0.24212459000000003,-3.303462,0.53884363
139,1778412909160,-0.45345938399999997,0.1248914364,-0.113598088,0.52708484,-3.5148151,0.4264477400000001
140,1778412909170,-0.42612241333333334,0.15301706,-0.11456969333333333,0.7107123111111111,-3.644586244444445,0.35518222222222223
141,1778412909180,-0.40368208,0.1636071,-0.20260328,0.7943305,-3.7524347,0.29389387
142,1778412909190,-0.34223033599999997,0.188096343,-0.258621794,0.5886582300000001,-3.89836605,0.1559645705
143,1778412909200,-0.2862972,0.20092636,-0.25797236,0.4259896,-3.9876108000000006,0.058106847
144,1778412909210,-0.24000384111111112,0.1907021922222222,-0.15238694177777778,0.2326225177777778,-4.007565311111112,-0.04172426044444444
145,1778412909220,-0.2565089,0.15064904,-0.023690408,-0.271300186,-3.99017638,-0.2665126714
146,1778412909230,-0.31971377,0.07476046,0.12711108,-0.59542334,-4.0621343,-0.3915531
147,1778412909240,-0.366353693,0.02153479315,0.377140914,-0.72058596,-4.11497252,-0.40572474999999997
148,1778412909250,-0.3953380977777778,-0.008452390055555557,0.5437647888888889,-0.7875687666666668,-4.160141211111111,-0.40580619777777777
149,1778412909260,-0.41121639555555556,-0.0215934,0.7325901377777778,-0.6045860900000001,-4.162720233333333,-0.33983470000000005
150,1778412909270,-0.398986676,-0.01909867652,0.9796790640000002,-0.195600933,-4.143438049999999,-0.22821254399999996
151,1778412909280,-0.36340535,-0.0013720313,1.0339932,0.21300753,-4.171883233333334,-0.17124085333333333
152,1778412909290,-0.20989029,0.0632963755,0.875371185,0.550602425,-4.2789850000000005,-0.24006297999999998
153,1778412909300,-0.20842678666666667,0.066548596,0.84112632,0.6482022333333334,-4.344141877777777,-0.3154008133333333
154,1778412909310,-0.21281729555555556,0.06887935511111111,0.8297943811111111,0.6604192333333333,-4.340408777777778,-0.3648794222222222
155,1778412909320,-0.19637732300000002,0.0722237267,0.822511411,0.48402011199999995,-4.28393288,-0.473223373
156,1778412909330,-0.17622979,0.075980045,0.8956314999999999,0.39422554,-4.2484426,-0.49417543
157,1778412909340,-0.14786092777777776,0.06209712011111111,0.9443877444444444,0.3671446477777778,-4.239144188888889,-0.5167089088888889
158,1778412909350,-0.104899416,0.027946750800000003,1.06995574,0.253119836,-4.1931,-0.6470094279999999
159,1778412909360,-0.1845195788888889,-0.029910282888888886,1.1749838888888888,0.28447665111111115,-4.1711364444444445,-0.6836059755555556
160,1778412909370,-0.219268895,-0.0683058158,1.27480614,0.425439835,-4.10978036,-0.639434918
161,1778412909380,-0.14375839,-0.05189327,1.3634638,0.57809055,-3.9943301999999994,-0.56075776
162,1778412909390,-0.10575820666666666,-0.050890501222222224,1.2155858,0.74363017,-3.905350122222222,-0.5441291733333333
163,1778412909400,-0.08470006,-0.04311227,1.173849,0.7815027,-3.8880427000000006,-0.5363239
164,1778412909410,-0.03921976911111111,-0.032515447111111116,1.0885798,0.7643989777777778,-3.9103047222222225,-0.5444006333333333
165,1778412909420,-0.05174082,-0.032136023,1.0874416,0.6737899888888889,-3.9489917444444447,-0.5596039722222222
166,1778412909430,0.057710685000000005,-0.00335080526,1.20195124,0.6300126,-3.9320238000000005,-0.5619795
167,1778412909440,0.06501734555555555,-0.011132085555555555,1.2378161555555556,0.6147414,-3.8568894999999994,-0.6139015
168,1778412909450,0.04439283,-0.040429186,1.2926974,0.6440621,-3.8373424999999997,-0.62489676
169,1778412909460,0.050633036666666666,-0.07671179177777779,1.2802779333333332,0.7287662244444444,-3.8194243444444447,-0.5559388711111111
170,1778412909470,0.07111865333333332,-0.10005665066666666,1.2421151333333333,0.79582366,-3.825125577777778,-0.4938360666666667
171,1778412909480,0.06466841,-0.114854254,1.2162905,0.8224294999999999,-3.8544461999999995,-0.42759308
172,1778412909490,0.20653304777777778,-0.030343909888888892,1.2836453333333333,0.7470237888888889,-3.8438582444444447,-0.3122108244444444
173,1778412909500,0.29163286,0.013994718999999997,1.3385537,0.7003957944444443,-3.8223428888888886,-0.27074109555555553
174,1778412909510,0.300868162,0.0571252831,1.41924135,0.7173637700000001,-3.79446096,-0.32387122
175,1778412909520,0.26466314444444444,0.05933273088888888,1.4890130555555556,0.7551684355555556,-3.7986554888888886,-0.36148583333333334
176,1778412909530,0.27116825999999994,0.029507818600000003,1.5447914,0.774416868,-3.72971122,-0.38104650400000006
177,1778412909540,0.28577885999999997,0.005701552555555555,1.6287366888888888,0.7555756422222222,-3.4913993,-0.42861116
178,1778412909550,0.22693396000000002,-0.012592198,1.6531453,0.75218207,-3.3743203,-0.4520269599999999
179,1778412909560,0.1441456039,-0.0588022108,1.6516086099999998,0.7199904,-3.18685118,-0.435289762
180,1778412909570,0.02386318211111111,-0.09870155888888889,1.7541606888888888,0.6947624,-2.9788985,-0.3939964866666667
181,1778412909580,-0.009326425055555556,-0.11187983166666665,1.7705370333333332,0.6776586777777778,-2.780559766666667,-0.32123778
182,1778412909590,-0.0093481065,-0.121116818,1.7746339800000002,0.57185995,-2.27765094,-0.183620684
183,1778412909600,-0.016454212166666666,-0.10883765333333334,1.6909624333333333,0.4633191888888889,-1.9403817555555558,-0.13038194888888888
184,1778412909610,-0.0514572704,-0.099088104,1.60681939,0.24566749,-1.60950618,-0.082586549
185,1778412909620,-0.068195036,-0.06957046222222223,1.6144946,0.09131318288888887,-1.4234692444444446,-0.060813235666666667
186,1778412909630,-0.10518907,-0.07509585,1.6150637,-0.034589227,-1.2148988,-0.038483378
187,1778412909640,-0.11303708500000001,-0.08834052299999999,1.6427512700000002,-0.233252025,-0.7702020450000001,0.08486195599999999
188,1778412909650,-0.09323715,-0.08704776,1.6638776,-0.27900448,-0.59061295,0.14301461
189,1778412909660,-0.03209536877777778,-0.04382030822222222,1.7357212,-0.2157393788888889,-0.4376975188888889,0.16710914222222223
190,1778412909670,0.028050419,0.017897386,1.8051968000000003,-0.027747735000000003,-0.2614884433,0.15950748
191,1778412909680,0.0008604842222222222,0.026434469977777778,1.6422535777777778,0.14377818,-0.053678203,0.15950748
192,1778412909690,-0.0357398904,0.0009207853999999998,1.45971324,0.23131258400000002,0.15971365799999998,0.230732276
193,1778412909700,-0.01875448266666667,0.0091976908,1.3994787444444443,0.24069928,0.23546465444444445,0.27631505777777776
194,1778412909710,0.034158499333333335,0.04709624266666666,1.2769952666666666,0.19088128577777777,0.29166260555555557,0.28283078
195,1778412909720,0.066863663,0.078373475,1.2362246,0.0930778488,0.30459898,0.238306802
196,1778412909730,0.08442566,0.11089061,1.230956,-0.03397838,0.33734038,0.18943901
197,1778412909740,0.07778570244444444,0.10014811577777778,1.2513196111111111,-0.19357070888888891,0.4348044711111111,0.14199653333333334
198,1778412909750,0.06471108919999999,0.0853952272,1.3024114,-0.27289600500000005,0.5013528770000001,0.1176033685
199,1778412909760,0.05139188422222222,0.05643960822222222,1.355909111111111,-0.2422688222222222,0.5505260888888889,0.12265303611111111
200,1778412909770,0.06790335280000001,0.0460911057,1.3864620300000001,-0.10666921038999999,0.618818832,0.137211564
201,1778412909780,0.06375372166666667,0.046852328,1.3171805,0.02893888913333333,0.6686232333333333,0.14851223666666666
202,1778412909790,0.096214965,0.06719903799999999,1.2296347333333333,0.06450377444444444,0.677446588888889,0.13453062333333332
203,1778412909800,0.103207245,0.08085837,1.1704036,0.047875155,0.6879667,0.11552649
204,1778412909810,0.08924300988888889,0.08592642222222222,1.1819016444444443,-0.06384202277777778,0.7413140222222222,0.07751821666666665
205,1778412909820,0.054881252,0.07378479,1.2272667,-0.13782242,0.7942541,0.05077668
206,1778412909830,0.0386638406,0.06724782850000001,1.25195728,-0.16176763,0.8342646300000001,0.0519372868
207,1778412909840,0.07277185855555555,0.08077706722222222,1.3122648888888888,-0.16653223666666667,0.8936186666666668,0.01962346833333333
208,1778412909850,0.0558843622,0.0786387395,1.29408464,-0.16531055,0.9371924,-0.007253811000000001
209,1778412909860,0.004878333566666667,0.040764574,1.2572176333333334,-0.2889816466666667,1.1096549666666666,-0.01524572962
210,1778412909870,0.009837972133333334,0.023019635666666663,1.2957666333333333,-0.37450026444444445,1.2316886555555557,0.00014422779777777779
211,1778412909880,0.021708583,0.015214303000000002,1.3419685,-0.4072824,1.3452383,-0.0017561858999999998
212,1778412909890,0.01628821311111111,0.00524082088888889,1.3691347555555555,-0.3928256933333334,1.4319787333333334,-0.026266431666666666
213,1778412909900,0.0212695334,-0.00683576494,1.4127653599999999,-0.37771740000000004,1.51981848,-0.035429142000000004
214,1778412909910,0.0023781874444444447,-0.0123821581,1.4268516,-0.35529253555555557,1.6738741333333331,-0.033452371366666664
215,1778412909920,-0.023094166666666666,-0.03359951888888889,1.3622442,-0.3609259055555556,1.8983944888888888,0.0034020799555555554
216,1778412909930,-0.006216824999999999,-0.025858217299999996,1.32897997,-0.379672118,1.9719676400000001,0.0221890274
217,1778412909940,0.026586918,-0.012348281,1.2741293,-0.42581143666666665,2.1218288333333337,0.03591272916666667
218,1778412909950,0.03558473377777778,-0.004488744222222222,1.2489787666666665,-0.4642269544444444,2.132959811111111,-0.0019767697222222227
219,1778412909960,0.008034005,-0.02065669235,1.2607139,-0.5804576,2.2074493,-0.0513111675
220,1778412909970,-0.032877932444444445,-0.053356775555555555,1.2975350777777779,-0.6749692333333334,2.3116665777777774,-0.05592645799999999
221,1778412909980,-0.08555377,-0.098008775,1.3360078,-0.7070862339999999,2.38447274,-0.0389644207
222,1778412909990,-0.15386060666666668,-0.15747871000000002,1.3401899666666666,-0.6635667733333332,2.554105088888889,0.09129621333333332
223,1778412910000,-0.16958307222222221,-0.17421071333333335,1.3277129777777779,-0.6062828666666668,2.5714803111111113,0.16934891555555553
224,1778412910010,-0.135745732,-0.166399952,1.3269067600000002,-0.493595134,2.53577969,0.29090073
225,1778412910020,-0.06769703866666667,-0.12601345466666666,1.3606180333333333,-0.4024634933333333,2.5270921555555557,0.3543677777777778
226,1778412910030,-0.0033233639999999997,-0.05773710800000001,1.3510103444444443,-0.31470512222222224,2.637519644444444,0.34948099777777775
227,1778412910040,0.0018141307500000002,-0.0045581929999999994,1.2973165500000001,-0.24980598199999998,2.73210598,0.281310428
228,1778412910050,-0.0102749895,0.008628552,1.2582747,-0.22463906999999997,2.7526305,0.2541888
229,1778412910060,-0.090270508,-0.0160893532,1.17537647,-0.230136705,2.73467157,0.188950332
230,1778412910070,-0.12351330666666666,-0.04766538266666667,1.1560938333333333,-0.2865382633333333,2.7831727666666666,0.17335336666666668
231,1778412910080,-0.1321316966666667,-0.06214793533333333,1.1538986,-0.3755862211111112,2.8852691,0.18434861333333333
232,1778412910090,-0.15034413,-0.07030593339999999,1.16393983,-0.534460802,3.09820202,0.201533782
233,1778412910100,-0.15034413,-0.05969860800000001,1.1596713,-0.5960342,3.1766348,0.20593189
234,1778412910110,-0.2241289333333333,-0.08288085333333334,1.1944091333333333,-0.5897221333333333,3.2841439333333335,0.21489097000000001
235,1778412910120,-0.26744245,-0.10690258,1.17080006,-0.519556141,3.2884199100000004,0.250096131
236,1778412910130,-0.30746374888888883,-0.12439750333333333,1.178534288888889,-0.44026816888888887,3.2637145666666667,0.2883962466666667
237,1778412910140,-0.333690206,-0.14375533899999998,1.1300019,-0.23298478500000003,3.22794598,0.40317445999999996
238,1778412910150,-0.3184942,-0.12461092,1.1023204,-0.15981291,3.2065663,0.44294062
239,1778412910160,-0.29105695555555555,-0.097363401,1.0560134888888888,-0.08895462911111111,3.160684922222222,0.46411665999999996
240,1778412910170,-0.253923355,-0.0539421721,1.007016071,0.0013285928000000002,3.10235576,0.45503538600000004
241,1778412910180,-0.27065605,-0.04677102,0.99984497,0.04400645466666667,3.1650287333333336,0.39773792
242,1778412910190,-0.32163801444444445,-0.05560622722222223,0.88416746,0.02445934177777778,3.2254347333333335,0.36936745555555556
243,1778412910200,-0.33044612,-0.050185855,0.81922466,-0.010155336,3.2383304,0.3537569
244,1778412910210,-0.37673946333333336,-0.04270574333333334,0.7644856566666667,-0.11164930511111112,3.208941855555556,0.32599731111111113
245,1778412910220,-0.384089482,-0.0331116864,0.796040378,-0.238688574,3.15256742,0.302812258
246,1778412910230,-0.38657743,-0.033843435,0.9219746,-0.30649263,3.1302104,0.28412032
247,1778412910240,-0.37486944,0.0030184689,1.0037476,-0.24907296999999998,3.2151182,0.26518407
248,1778412910250,-0.45100194,-0.023842854,0.8824295400000001,-0.17333554599999998,3.313037,0.232259402
249,1778412910260,-0.47031200777777776,-0.02324661366666667,0.7781992155555556,-0.09771011044444444,3.3809292666666666,0.23348788555555552
250,1778412910270,-0.48932734,-0.019696271,0.5759178,0.053372778,3.471674,0.28717458
251,1778412910280,-0.48737597800000004,0.0007744352200000002,0.527994224,0.0214865526,3.3871938200000002,0.271964466
252,1778412910290,-0.49276926888888894,0.006866931555555556,0.5854575799999999,-0.02481567,3.347672,0.25235626
253,1778412910300,-0.47737542,0.029849304,0.5661611,-0.014431266000000002,3.3855445000000004,0.25113457
254,1778412910310,-0.5120793555555555,0.024157914444444442,0.47553249111111107,0.09592847311111112,3.298125544444444,0.2062712366666667
255,1778412910320,-0.5343977444444445,0.021989765888888888,0.3901176155555556,0.18294027666666668,3.2155933444444447,0.19975553222222223
256,1778412910330,-0.49859919799999997,0.0308737547,0.27232991799999995,0.19386765,3.1424274,0.19738002
257,1778412910340,-0.5244275688888889,0.028168987333333333,0.24563425333333333,0.043191992444444445,3.1152785777777776,0.11620520444444445
258,1778412910350,-0.55326396,0.032532386,0.21376246,-0.07185091,3.1540334,0.06849125
259,1778412910360,-0.615886527,0.019482844000000003,0.208429842,-0.161309494,3.0914827199999997,0.038437564
260,1778412910370,-0.6556039222222222,0.009577117444444443,0.23061643111111108,-0.1873774,3.0691257,0.044057358
261,1778412910380,-0.626600572,0.0337519691,0.205252825,-0.166066467,3.0302147,0.040575529900000004
262,1778412910390,-0.6207679222222222,0.04688281733333333,0.14786431444444445,-0.1425055788888889,2.961955966666667,0.011241286555555556
263,1778412910400,-0.5974434,0.054759294,0.03683142,-0.16592139,2.9402368,-0.009162709
264,1778412910410,-0.6364121199999999,0.045938656300000005,0.046222209,-0.31080672,2.89818007,-0.0770278397
265,1778412910420,-0.6851348111111111,0.023317756444444445,0.10266181666666667,-0.4397251811111111,2.8614970444444445,-0.1365583011111111
266,1778412910430,-0.7236635166666667,0.0015007650222222222,0.17881124444444443,-0.43056246666666664,2.895738355555556,-0.13160365
267,1778412910440,-0.7316586,0.0008232188,0.20620105,-0.3932329,2.9402368,-0.11056335000000002
268,1778412910450,-0.7340977,-0.008689531,0.16055815,-0.31809872,3.0129278,-0.07941014
269,1778412910460,-0.737107052,-0.014869770099999999,0.0554605543,-0.27332360499999997,3.05922998,-0.0397432477
270,1778412910470,-0.74778754,-0.027257688,-0.033965394,-0.20631365,3.1302104,0.028786177
271,1778412910480,-0.7674363311111111,-0.04113383644444444,-0.09147552377777778,-0.16369857333333332,3.068243322222222,0.087291766
272,1778412910490,-0.76968514,-0.042032942000000004,-0.166040176,-0.08278507185,2.93380005,0.170380561
273,1778412910500,-0.7236093,0.012043386,-0.21699436,-0.007101099500000001,2.8332622,0.20715357
274,1778412910510,-0.7019718333333334,0.05353971133333333,-0.2861345766666667,-0.0034360158333333326,2.7072240333333335,0.19086432
275,1778412910520,-0.67579552,0.107866053,-0.36543291099999997,-0.018707197,2.5712087,0.16195089
276,1778412910530,-0.63698835,0.13341225666666667,-0.38822387333333336,-0.19913620666666668,2.4897625666666667,0.044439141
277,1778412910540,-0.647434112,0.14089237,-0.316518464,-0.34796912999999996,2.4878893300000002,-0.0688424863
278,1778412910550,-0.72043836,0.11747636999999998,-0.29190728,-0.4188885,2.48569,-0.16065283
279,1778412910560,-0.72043836,0.11747636999999998,-0.29190728,-0.4188885,2.48569,-0.16065283
280,1778412910570,-0.73585999,0.130111252,-0.279022376,-0.300017632,2.4147096599999998,-0.16688347399999998
281,1778412910580,-0.7265159722222223,0.14734260666666665,-0.3375467877777778,-0.13660072,2.310988,-0.19608197
282,1778412910590,-0.7053968666666667,0.15423664333333334,-0.3902565,-0.07707704777777778,2.2883865333333335,-0.21596844444444444
283,1778412910600,-0.6870218,0.15799703,-0.3629175,-0.07185091,2.258455,-0.25350162
284,1778412910610,-0.6671866111111111,0.15305771,-0.39463006666666667,0.07841751888888887,2.2181391111111113,-0.33155431333333335
285,1778412910620,-0.6813812,0.12601344,-0.4634722,0.16821207,2.154,-0.39399648
286,1778412910630,-0.7120706466666668,0.10280409777777778,-0.5879171277777778,0.166786752,2.1014673222222218,-0.4248782111111111
287,1778412910640,-0.7357441433333334,0.08654976833333333,-0.6883226833333334,0.014889402666666662,2.0356992999999997,-0.43695939666666667
288,1778412910650,-0.71165735,0.096469045,-0.71190125,-0.10361496,2.0067859,-0.43736663
289,1778412910660,-0.6926216999999999,0.09362335000000001,-0.6496720133333334,-0.06397776288888889,1.9300228000000001,-0.47625722777777774
290,1778412910670,-0.6584530666666667,0.07768746,-0.5390964866666667,0.0025367131111111115,1.8482371666666668,-0.5187450333333332
291,1778412910680,-0.67525892,0.03055361269,-0.6311801699999999,0.09729269900000001,1.80990993,-0.53388048
292,1778412910690,-0.6915037333333334,-0.010193684277777778,-0.7534924777777777,0.093960186,1.8126044444444445,-0.5177948466666666
293,1778412910700,-0.7026324,-0.028233355000000005,-0.7795272,0.017943637,1.7936003,-0.50639236
294,1778412910710,-0.6938412933333333,-0.04387112333333334,-0.7346939488888888,0.01570386422222222,1.7687591555555555,-0.46532985777777774
295,1778412910720,-0.670405,-0.042624436,-0.6889731,0.0820826,1.694643,-0.4031592
296,1778412910730,-0.6695268600000001,-0.080687636,-0.779862538,0.205351581,1.63569626,-0.363026521
297,1778412910740,-0.6784542,-0.106317185,-0.8319997,0.31359372,1.5730844,-0.29442838
298,1778412910750,-0.6811373,-0.13586158,-0.93081653,0.32336725777777775,1.554080311111111,-0.20809530444444443
299,1778412910760,-0.6563462299999999,-0.13922763,-0.9768192279999999,0.2540971828,1.53783856,-0.1321873504
300,1778412910770,-0.6047067222222222,-0.13897829444444446,-1.0606208666666666,0.10027227666666667,1.498968277777778,-0.011521257466666665
301,1778412910780,-0.6062244,-0.13693482,-1.07881902,0.0353527855,1.3650909,0.0174855032
302,1778412910790,-0.6164282444444444,-0.1474340788888889,-1.0838437777777779,0.019368948,1.2055579666666665,0.04711159466666667
303,1778412910800,-0.62912885,-0.15090311777777776,-1.0827055333333333,0.030771430000000002,1.0630269,0.07887565
304,1778412910810,-0.621246625,-0.14353582,-1.06901359,0.0430494604,0.8170998300000001,0.136234207
305,1778412910820,-0.5974976000000001,-0.12515297644444445,-1.0630227,0.047264308,0.6806366,0.17355698
306,1778412910830,-0.5770356911111112,-0.10723864866666667,-1.0438650666666667,0.04061285977777778,0.5342368155555556,0.17986907
307,1778412910840,-0.580491192,-0.09138947900000001,-1.0303558,0.043843562,0.39170579,0.169647564
308,1778412910850,-0.589882,-0.09070651,-1.0621351,0.03260397,0.29641363,0.16378342
309,1778412910860,-0.5947115199999999,-0.09421891,-1.0574336800000002,-0.058656606,0.16879999299999998,0.15223840900000002
310,1778412910870,-0.598419,-0.10265843,-1.0450305,-0.09261972,0.13140851,0.14912309
311,1778412910880,-0.598419,-0.10265843,-1.0450305,-0.1011037088888889,0.10113763555555556,0.1476977788888889
312,1778412910890,-0.6149169569999999,-0.09946312160000001,-0.9314568299999999,-0.18002432399999999,-0.0615581343,0.14063230799999998
313,1778412910900,-0.64422459,-0.09851184666666667,-0.8236964833333333,-0.12757375955555555,-0.22519055000000002,0.13921379333333334
314,1778412910910,-0.6704591766666667,-0.09525962444444444,-0.7977125433333333,-0.051082101666666664,-0.35170380444444443,0.16344406555555555
315,1778412910920,-0.67894206,-0.08333413279999999,-0.802065096,-0.021761434,-0.43032661999999994,0.19322626599999998
316,1778412910930,-0.6668275166666667,-0.05758466433333334,-0.7877288666666666,-0.03031329466666667,-0.4808640433333334,0.20633911666666668
317,1778412910940,-0.655477278,-0.0347215374,-0.75466596,-0.042713495,-0.5231754009999999,0.202938726
318,1778412910950,-0.6570708544444445,-0.03164818622222222,-0.7398737688888889,-0.05943035,-0.5260667433333333,0.19147516333333334
319,1778412910960,-0.6769907,-0.036770437,-0.72754246,-0.09994988333333334,-0.48636168666666674,0.18801369666666667
320,1778412910970,-0.6606483,-0.024818521,-0.70677906,-0.11583191,-0.4672218,0.18760647
321,1778412910980,-0.6724714866666667,-0.019821617188888887,-0.7057559622222223,-0.11583190999999998,-0.4672218,0.18760647
322,1778412910990,-0.7121994244444445,-0.011860448555555556,-0.7239379,-0.042123007555555564,-0.5179221266666666,0.1605255677777778
323,1778412911000,-0.7225848340000001,-0.01249463106,-0.74237256,0.08342646299999999,-0.665258487,0.159202069
324,1778412911010,-0.7141507166666667,-0.00028795694444444384,-0.72167492,0.10590564499999999,-0.7402705333333333,0.18475584666666667
325,1778412911020,-0.7026324,0.008384636,-0.69360757,0.12178767500000001,-0.75859594,0.19738002
326,1778412911030,-0.7043940666666667,0.010552784333333334,-0.6858835311111111,0.12178767500000001,-0.75859594,0.19738002
327,1778412911040,-0.6779969,0.03451082022222222,-0.7229148277777777,0.14764687333333334,-0.7135968633333333,0.2167235133333333
328,1778412911050,-0.6606483,0.039118133,-0.75364155,0.15660596,-0.66147125,0.22608984
329,1778412911060,-0.6578839,0.03684157766666667,-0.7819562166666666,0.1415384,-0.66269295,0.21142950666666666
330,1778412911070,-0.6512168333333332,0.03521546766666667,-0.8061141166666667,0.12341660222222221,-0.7143434666666667,0.18319478888888888
331,1778412911080,-0.65489186,0.0260442026,-0.831200934,0.12026056,-0.820474763,0.15211623600000002
332,1778412911090,-0.6803920044444445,-0.0005725264444444441,-0.8310105444444446,0.15816702444444444,-0.9873921555555556,0.15034477999999998
333,1778412911100,-0.689168236,-0.033599521,-0.808943516,0.184033006,-1.09437864,0.177771826
334,1778412911110,-0.6973476,-0.06637582466666667,-0.78268794,0.21110710666666666,-1.1561217333333333,0.22452878555555555
335,1778412911120,-0.7043398888888889,-0.08948692999999999,-0.760877708888889,0.26241828333333334,-1.2079759666666667,0.2841881955555556
336,1778412911130,-0.7034861699999999,-0.09436525999999999,-0.7704869999999999,0.368386715,-1.27604468,0.390529934
337,1778412911140,-0.6889324888888889,-0.07803639222222222,-0.8298146844444445,0.47451801666666665,-1.372293811111111,0.502803648888889
338,1778412911150,-0.6772888411111111,-0.06284241855555556,-0.8714905688888889,0.5119154333333333,-1.4580839222222222,0.5448163422222222
339,1778412911160,-0.6641607159999999,-0.04413672319999999,-0.93052986,0.508942656,-1.67584418,0.590887814
340,1778412911170,-0.6411349,-0.017013188,-0.9567020999999999,0.48402008,-1.8214701,0.60359347
341,1778412911180,-0.6299361299999999,0.00880234304,-0.9364265850000001,0.43081530500000004,-1.97131094,0.59320902
342,1778412911190,-0.6062515111111111,0.051236052444444444,-0.8808000488888889,0.3038201544444445,-2.173929055555556,0.5385042777777778
343,1778412911200,-0.6124036133333334,0.06077590333333333,-0.8308513166666667,0.21260030333333335,-2.252728266666667,0.4934373166666666
344,1778412911210,-0.624188824,0.0554300624,-0.757220978,0.1118919472,-2.3062995600000002,0.45356935500000006
345,1778412911220,-0.6432759666666666,0.038847118,-0.7159665511111111,0.046042614,-2.305872,0.4441623
346,1778412911230,-0.6627893333333333,0.028087681777777776,-0.6762826366666668,-0.037100487555555554,-2.2807593333333336,0.4582796722222222
347,1778412911240,-0.6778810160000001,0.0325323864,-0.592126002,-0.0651926746,-2.31075874,0.47507118000000004
348,1778412911250,-0.69531494,0.025214886,-0.58012533,-0.025426516,-2.3791738,0.48875415
349,1778412911260,-0.7021446,0.021800052,-0.5569532,0.08574768,-2.563726,0.52418333
350,1778412911270,-0.6595202,0.04637465733333333,-0.55305056,0.18755555999999998,-2.738428266666667,0.5404725766666667
351,1778412911280,-0.6102625755555555,0.0809125811111111,-0.5757890444444445,0.24266756222222222,-2.9527677555555556,0.5240475533333333
352,1778412911290,-0.5902966700000001,0.092054154,-0.5852231999999999,0.156850306,-3.05264808,0.4794693
353,1778412911300,-0.5896109733333333,0.080262136,-0.5491885266666666,0.06144953666666667,-3.0955703666666667,0.4525105555555555
354,1778412911310,-0.5993134166666666,0.051439315,-0.40981050888888887,-0.10069647222222222,-3.191609,0.41871034444444444
355,1778412911320,-0.6062244,0.03936205,-0.36560062,-0.11399937,-3.203283,0.42033926
356,1778412911330,-0.5993608911111111,0.025221662,-0.2760730155555556,-0.10504027777777779,-3.2057264,0.44952418666666666
357,1778412911340,-0.536482524,0.074138472,-0.21049398400000002,0.05948125,-3.3944782000000004,0.44782738999999994
358,1778412911350,-0.5194950755555555,0.10511453777777778,-0.1969152777777778,0.18409409,-3.527643,0.4209501
359,1778412911360,-0.5318535644444444,0.094734528,-0.29925864444444444,0.3152905266666667,-3.8437224888888886,0.37133574999999996
360,1778412911370,-0.53033584,0.097200796,-0.32413477,0.34535778,-4.1207757,0.3366532
361,1778412911380,-0.5066488333333333,0.08728152133333333,-0.2556924322222222,0.16916227533333333,-4.189326177777778,0.32436838222222225
362,1778412911390,-0.49835226,0.064272046,-0.09595072,-0.021218458222222222,-4.225433844444444,0.31724183333333333
363,1778412911400,-0.5202376799999999,0.0360935686,0.094596986,-0.10996777799999999,-4.07850486,0.35039727
364,1778412911410,-0.5293296666666667,0.02163744188888889,0.13266696177777776,-0.15614784,-3.7530456,0.4630986000000001
365,1778412911420,-0.5115238,0.026190553,0.087352656,-0.241979517,-3.6496901399999997,0.51367671
366,1778412911430,-0.40190354666666667,0.05187972166666666,0.21059494022222222,-0.4453585477777778,-3.566533577777778,0.5279841444444444
367,1778412911440,-0.3551122,0.05597887599999999,0.32017112,-0.46958882,-3.61194,0.43683216
368,1778412911450,-0.375308474,0.028559594,0.40372782,-0.376724768,-3.61389452,0.42449302400000005
369,1778412911460,-0.39804152,-0.015275281999999998,0.5107615,-0.16286714,-3.5850625000000003,0.45393586
370,1778412911470,-0.40173078,-0.010640865,0.60692567,0.055205323,-3.464115,0.5638884
371,1778412911480,-0.23483992800000003,0.0855324295,0.419411661,0.1638139589,-3.4815239599999996,0.61721536
372,1778412911490,-0.08713923244444445,0.16395943444444447,0.2697413344444444,0.03654053888888889,-3.575288955555555,0.5334138788888888
373,1778412911500,-0.1024145128,0.154765142,0.37379618,-0.272552425,-3.5758998500000003,0.418201295
374,1778412911510,-0.1873788288888889,0.07039706466666666,0.51657146,-0.49524443333333334,-3.533140533333333,0.4054753166666667
375,1778412911520,-0.22574488999999998,0.046953958,0.60375476,-0.6332959,-3.495268,0.43805385
376,1778412911530,-0.1479629064,0.0743427488,0.800199146,-0.62498838,-3.62379028,0.53847713
377,1778412911540,0.007679988888888888,0.1577632622222222,0.9649852055555557,-0.5021673600000001,-3.854242433333333,0.5276447466666666
378,1778412911550,0.03590995555555556,0.19976098,1.0615694333333332,-0.3495912755555556,-4.077269522222222,0.4054753133333333
379,1778412911560,0.015848485599999997,0.210195196,1.08910014,-0.191393722,-4.2514969,0.282409966
380,1778412911570,-0.023202572,0.20531686,1.0674403,-0.12682717,-4.3858833,0.21204035
381,1778412911580,0.08425491532,0.234967973,1.21508308,-0.126216315,-4.44483015,0.11369394399999999
382,1778412911590,0.1738617677777778,0.26228832555555553,1.3195621,-0.12560546,-4.50113,0.003257852666666667
383,1778412911600,0.17015897666666666,0.26562863555555555,1.4194493,-0.11277767,-4.4264030000000005,-0.17857101
384,1778412911610,0.1290929025,0.275976465,1.52672025,-0.097750832,-4.19303886,-0.408534639
385,1778412911620,0.078327745,0.26998526,1.5088991,-0.12255122999999998,-3.8984271999999995,-0.54793
386,1778412911630,0.04535495211111111,0.2286684888888889,1.4196865333333333,-0.21232032666666667,-3.683205311111111,-0.6341273266666667
387,1778412911640,0.0070949262,0.148380606,1.2745439,-0.373197139,-3.39191255,-0.778830243
388,1778412911650,-0.020736305444444447,0.09545611679999999,1.2891301444444445,-0.39357228111111114,-3.4550878888888885,-0.9132166666666666
389,1778412911660,-0.054106813600000005,-0.031398176640000004,1.3724885400000002,-0.3633014,-3.4928247,-0.99140515
390,1778412911670,-0.11839105,-0.08558427,1.3944411,-0.33520243,-3.487938,-1.0060655
391,1778412911680,-0.14820308777777777,-0.11719179666666665,1.411969211111111,-0.21926023,-3.462146511111111,-0.9315421000000002
392,1778412911690,-0.160420951,-0.15396325500000002,1.42632399,-0.06879667,-3.3938673,-0.8331956999999999
393,1778412911700,-0.19907666000000002,-0.20240001666666668,1.3483306666666666,0.11160688400000002,-3.339501933333333,-0.6198063399999999
394,1778412911710,-0.17842504,-0.22370207,1.299527,0.24517881999999996,-3.3578274,-0.39582902
395,1778412911720,-0.11717147400000001,-0.1905294,1.2736415,0.34474692,-3.36699,-0.1899735
396,1778412911730,0.034880083,-0.08655993,1.2714461,0.39089982666666667,-3.402826444444445,-0.08463628222222223
397,1778412911740,0.12290045819999999,0.014458161119999998,1.33900191,0.4032661,-3.4176293,-0.06365028349999999
398,1778412911750,0.13803650666666667,0.050429772666666664,1.4379700666666666,0.44309332,-3.4103602000000004,-0.14049486666666666
399,1778412911760,0.11900084500000002,0.09753618,1.4998130333333333,0.49175748333333336,-3.3745238000000004,-0.26816194
400,1778412911770,0.101743735,0.13869712,1.4640183,0.47424653,-3.3541622,-0.3426853
401,1778412911780,0.101743735,0.13869712,1.4640183,0.47424653,-3.3541622,-0.3426853
402,1778412911790,0.03878275,0.14333153,1.3429747,-0.18241426,-3.0383542,-0.7348493
403,1778412911800,-0.087279485,0.07042179470000001,1.42422643,-0.76340634,-2.7457585,-0.9132166500000001
404,1778412911810,-0.17176815111111113,-0.04135065044444444,1.8929933222222222,-0.9738093,-2.4012066777777776,-0.9596410277777778
405,1778412911820,-0.29824913,-0.14854525,2.2781513,-1.2313154,-1.6913598,-1.0188932
406,1778412911830,-0.57547397,-0.2974699388888889,2.2893172111111113,-0.7741301333333334,-1.0205136844444445,-0.6697600755555555
407,1778412911840,-0.6957113333333332,-0.37924976666666665,2.224052433333333,-0.47488284,-0.7292752600000001,-0.36996982
408,1778412911850,-0.590522264,-0.36563106,2.08706066,-0.10660047399999999,-0.501307039,0.0060092120000000086
409,1778412911860,-0.46818789,-0.25704751666666664,1.8591124666666667,0.33538061,-0.19865261333333334,0.48753248
410,1778412911870,-0.25759973,-0.11491185222222224,1.7062987555555553,0.45469943,-0.05856498,0.6671216
411,1778412911880,-0.0945421079,-0.010799411500000002,1.56163986,0.571065811,0.226662513,0.7571604439999999
412,1778412911890,-0.004177073,0.06573554,1.3993499,0.5646519,0.31779328,0.72637373
413,1778412911900,0.0245563102,0.100624772,1.25395732,0.48353142,0.41406281600000006,0.663822986
414,1778412911910,0.018690114333333334,0.12284253666666665,1.114374,0.02493444777777778,0.5859552444444445,0.4354747166666667
415,1778412911920,-0.013201989,0.11015887,1.1052474,-0.0846787,0.5737383,0.3818559
416,1778412911930,0.013433710699999999,0.111671151,1.21265919,-0.1342795,0.46622918,0.27019302
417,1778412911940,0.01736551188888889,0.11007079,1.2698810777777778,-0.11990423,0.38681903333333334,0.16602319866666668
418,1778412911950,-0.015559851333333334,0.09329812333333333,1.3323847333333334,-0.06601392082222222,0.3718871933333333,0.10290231244444444
419,1778412911960,-0.0415298624,0.0739311405,1.36362531,0.00255028717,0.395798478,0.062443858
420,1778412911970,-0.07518731,0.053783625,1.3344071,0.05092939,0.46561829999999993,0.057496000000000005
421,1778412911980,-0.095286046,0.040112095800000004,1.29097778,0.02753394058,0.54948764,0.0772263685
422,1778412911990,-0.11201873000000001,0.02911755,1.2714461,0.006948387699999999,0.6012264,0.08315159
423,1778412912000,-0.12326599755555555,0.022233681777777778,1.2918334777777778,-0.03160286211111111,0.6756140222222222,0.10867142277777778
424,1778412912010,-0.10186875179999999,0.0484936811,1.33290403,-0.0773485372,0.81074702,0.138494346
425,1778412912020,-0.0661624,0.07036996,1.3459017,-0.079791926,0.9255862999999999,0.10575293
426,1778412912030,-0.10116443555555556,0.05459668333333333,1.3330587777777778,-0.11890311533333334,1.0006526555555557,0.08946367
427,1778412912040,-0.12151318600000001,0.044600164000000005,1.34212708,-0.19849481400000002,1.13474044,0.073255862
428,1778412912050,-0.12839164,0.03887422,1.3427308,-0.2387564411111111,1.2008748222222223,0.06916996777777779
429,1778412912060,-0.107091619,0.03936205,1.3663174999999999,-0.385414062,1.4430960800000001,0.052364883200000004
430,1778412912070,-0.09616415,0.03936205,1.3746839,-0.42133188,1.5229949,0.041003123
431,1778412912080,-0.12034239,-0.005274698,1.3671224,-0.49544802666666665,1.6443499666666666,0.032451261
432,1778412912090,-0.13791048,-0.0431610546,1.44185848,-0.5356825,1.8705670099999998,0.055235864499999995
433,1778412912100,-0.17395324,-0.09517831666666667,1.4795477000000001,-0.49069697999999995,2.038753588888889,0.12156709222222221
434,1778412912110,-0.17501021,-0.119366725,1.5079233,-0.369898564,2.1626742,0.22841105600000003
435,1778412912120,-0.17135146,-0.12583052,1.5125577,-0.26067907,2.2480707,0.30244574
436,1778412912130,-0.11645666,-0.10523310666666667,1.4474997,-0.08354184655555556,2.3156032333333334,0.3569468966666667
437,1778412912140,-0.088212463,-0.09456039899999999,1.41415256,0.028938889000000002,2.37598201,0.38100070899999994
438,1778412912150,-0.07517714866666667,-0.07110170533333333,1.3177496333333334,0.00504797422222222,2.5123639333333334,0.37574741777777776
439,1778412912160,-0.05564349166666666,-0.03652652033333334,1.2492396000000001,-0.05671547111111111,2.5913668666666667,0.36271601555555555
440,1778412912170,-0.0638238461,-0.0260868881,1.22647092,-0.15981291,2.6768854,0.32565793
441,1778412912180,-0.10150998888888889,-0.041357426,1.2368099555555554,-0.2938514688888889,2.7633543,0.2757720877777778
442,1778412912190,-0.162982066,-0.0832426654,1.2454202799999998,-0.426340835,2.87560928,0.266527927
443,1778412912200,-0.18390978222222223,-0.10650688777777778,1.292629611111111,-0.4985701411111111,2.966096133333333,0.3240290333333333
444,1778412912210,-0.16847527666666665,-0.10095101000000001,1.3280754666666665,-0.4655165133333333,3.0393978,0.38124504666666664
445,1778412912220,-0.16668655,-0.09265785,1.3490726,-0.40483900000000006,3.0752342,0.38491014
446,1778412912230,-0.19620724333333334,-0.09485309444444444,1.2788856222222222,-0.29923031555555557,3.111885044444444,0.35206012666666664
447,1778412912240,-0.24089819000000004,-0.10412193,1.228029,-0.27303175111111117,3.1304141444444444,0.34303315222222225
448,1778412912250,-0.309957118,-0.12195223,1.19041095,-0.281020276,3.1733974,0.395416701
449,1778412912260,-0.3028022266666667,-0.1007071,1.1904352666666667,-0.2775791733333334,3.1880373333333334,0.4580081733333334
450,1778412912270,-0.2984388288888889,-0.08425627555555555,1.1958014,-0.26128992,3.183965,0.48569991999999995
451,1778412912280,-0.327964236,-0.094267696,1.21214384,-0.2329466,3.21230836,0.499871584
452,1778412912290,-0.34633118,-0.09875576,1.1838496,-0.21376260111111112,3.2382626,0.5152242111111112
453,1778412912300,-0.335440298,-0.089108856,1.17358066,-0.118580722,3.3506652000000003,0.59052133
454,1778412912310,-0.32174642,-0.06864221333333334,1.1414690333333335,-0.05433995266666666,3.389345488888889,0.6056974955555555
455,1778412912320,-0.32825086,-0.06457694,1.0830511,-0.018707197,3.4069242,0.59809583
456,1778412912330,-0.316494075,-0.0357368423,1.03507564,-0.029763532,3.42964777,0.58477935
457,1778412912340,-0.29459035,0.005213719,1.0103333,-0.03126350077777778,3.466176522222222,0.5408119333333334
458,1778412912350,-0.31351422333333334,0.016352580555555555,1.0063697633333333,0.04977556711111111,3.4730314111111107,0.4642523977777778
459,1778412912360,-0.433327124,-0.0226994953,0.885710231,0.145610708,3.49378684,0.442574114
460,1778412912370,-0.50079143,-0.03945352,0.81019974,0.1944785,3.5138226,0.49486265000000007
461,1778412912380,-0.403422938,0.036319193,0.7241733659999999,0.20199192200000002,3.50814168,0.5087899549999999
462,1778412912390,-0.2728513,0.1384532,0.5768934,0.21952324,3.4948862,0.541287
463,1778412912400,-0.31841289333333334,0.14504911666666667,0.6059398300000001,-0.07017108,3.480633111111111,0.29694811644444447
464,1778412912410,-0.40831651999999996,0.11040278,0.68622905,-0.39750886,3.5406997,0.042835664
465,1778412912420,-0.4739605499999999,0.074272625,0.7530927,-0.48927165111111115,3.671013744444444,-0.01098676711111111
466,1778412912430,-0.5061169055555556,0.05398688877777777,0.7464798444444445,-0.48004107,3.7056963111111108,-0.004131703555555554
467,1778412912440,-0.649586703,-0.02742538,0.638162202,-0.23062538100000002,3.8212008400000004,0.1806428058
468,1778412912450,-0.6288476866666667,0.005051108,0.45527048000000003,-0.10504027666666665,3.6770544,0.34371186555555555
469,1778412912460,-0.58412558,0.0375082866,0.417195074,-0.11845854900000001,3.5059426799999995,0.419178668
470,1778412912470,-0.6038767166666666,0.014238635999999999,0.5010861366666667,-0.15166828,3.5598397999999998,0.47735168666666666
471,1778412912480,-0.6286105333333334,-0.010915270999999999,0.5061779155555555,-0.14881766,3.6701993999999996,0.53640026
472,1778412912490,-0.6259816,-0.020915855,0.46365508,-0.13598987,3.8290198,0.6506287
473,1778412912500,-0.6261103666666666,-0.02969008033333333,0.37163075777777776,-0.06608179422222223,3.919085711111111,0.7837933666666665
474,1778412912510,-0.5931003388888889,-0.005925141777777778,0.27831570666666666,0.02975335188888889,3.9082941555555553,0.8923884333333333
475,1778412912520,-0.531842008,0.0412767988,0.22653760800000003,0.10718842349999999,3.75828365,0.87261057
476,1778412912530,-0.4606806866666666,0.11398023,0.16820765333333332,0.14092755444444446,3.5783009,0.7641105222222222
477,1778412912540,-0.469249911,0.1544328,0.192727701,0.21384235299999999,3.4860900299999997,0.63682357
478,1778412912550,-0.4791336222222222,0.14909407111111111,0.09749891444444443,0.14113116222222222,3.494003888888889,0.40235320888888887
479,1778412912560,-0.5661204,0.12422473466666667,0.07090860533333333,0.0047086133333333335,3.659611466666667,0.30997952666666667
480,1778412912570,-0.6124960899999999,0.1014022596,-0.0172723496,-0.141739471,3.8261487599999997,0.292977606
481,1778412912580,-0.6402134888888888,0.10029379777777776,0.05799796611111111,-0.22619165333333335,3.937479111111111,0.31676672
482,1778412912590,-0.6386958,0.10723186,0.075126335,-0.17997088,3.979288,0.35314608
483,1778412912600,-0.5973671700000001,0.13443467,-0.0343160265,0.047997323,3.93103118,0.41581899599999994
484,1778412912610,-0.5508248,0.17068069,-0.17061971,0.19875443,3.8064184,0.43133453
485,1778412912620,-0.521024282,0.190876987,-0.276631976,0.257640094,3.5571925999999996,0.35412343
486,1778412912630,-0.5264602644444444,0.1907902688888889,-0.32028968333333335,0.2747030977777778,3.337559088888889,0.26593065222222223
487,1778412912640,-0.5216768,0.19124287499999998,-0.34718184,0.26900187,3.2187834000000004,0.20654273
488,1778412912650,-0.49687855555555555,0.20145485,-0.32224779111111107,0.3071458866666667,3.104351266666667,0.10690675544444445
489,1778412912660,-0.4834259022222222,0.2106796377777778,-0.38007978,0.32682873,3.0687184333333333,0.003715987000000004
490,1778412912670,-0.52082306,0.20117027000000004,-0.42734203,0.29099235,3.0703473,-0.070858285
491,1778412912680,-0.52082306,0.20117027,-0.42734203,0.29099235,3.0703473,-0.070858285
492,1778412912690,-0.52082306,0.20117027,-0.42734203,0.29099235,3.0703473,-0.070858285
493,1778412912700,-0.52082306,0.20117027000000004,-0.42734203,0.29099235,3.0703473,-0.070858285
494,1778412912710,-0.4875758811111111,0.21584931777777777,-0.5307152511111111,0.19732911111111112,3.0326784666666664,-0.11599310999999998
495,1778412912720,-0.46664309800000003,0.21391490800000001,-0.607657404,0.12239852,2.9062738,-0.23273280999999998
496,1778412912730,-0.47900151777777783,0.1666425211111111,-0.6793045888888889,0.10129035277777779,2.8262715333333333,-0.3004011011111111
497,1778412912740,-0.48981518,0.16019227,-0.72144455,0.11934429,2.7355268,-0.30420193
498,1778412912750,-0.49964501199999994,0.171022165,-0.7334391379999999,0.220989266,2.5787222200000004,-0.272682209
499,1778412912760,-0.4932300066666667,0.16872935333333333,-0.8053823733333334,0.35574217333333336,2.347027966666667,-0.20605914
500,1778412912770,-0.4790218644444445,0.1629295577777778,-0.8284799666666667,0.4123473577777778,2.1974383222222222,-0.13913743333333337
501,1778412912780,-0.41001171599999997,0.169802594,-0.8553182100000001,0.44333768100000004,2.12058694,-0.07293516520000001
502,1778412912790,-0.3631614,0.17726645,-0.8639529,0.44248247,2.0953588,-0.059252184
503,1778412912800,-0.309277193,0.207560903,-0.9156235800000001,0.46141875699999996,2.06542725,-0.12143643339999999
504,1778412912810,-0.29914346,0.20840647999999998,-1.0220108333333333,0.45327412666666667,2.0261294333333333,-0.18162525333333332
505,1778412912820,-0.3204455,0.1999507,-1.0794532,0.43331978,1.9878496999999997,-0.2235701
506,1778412912830,-0.33228156,0.190361724,-1.09043555,0.413894836,1.96078917,-0.22369227
507,1778412912840,-0.43750521444444446,0.10126606222222223,-1.1879758111111112,0.23907034,1.7172444,-0.2247918
508,1778412912850,-0.42529314300000004,0.0782484656,-1.1763216799999998,0.169250499,1.6089411200000001,-0.144831887
509,1778412912860,-0.40904826,0.072321296,-1.1650985,0.14011309,1.5071129,-0.07941014
510,1778412912870,-0.42002449000000003,0.059680312,-1.16509846,0.149031458,1.27279184,-0.004871506
511,1778412912880,-0.47153497222222224,0.02488966388888889,-1.1086825555555557,0.18877725,1.0526425866666667,0.07317441
512,1778412912890,-0.48542467,0.012531219,-1.079941,0.23112933,0.9133693600000001,0.13629529
513,1778412912900,-0.46205610333333336,0.04529058188888889,-1.067135377777778,0.31257563,0.77816852,0.18271969
514,1778412912910,-0.43487631222222217,0.08045523333333333,-1.0871772000000002,0.39510789,0.5780142333333332,0.21970988111111112
515,1778412912920,-0.41514617,0.10454877999999998,-1.1099428,0.40754202599999995,0.49420598799999993,0.211673842
516,1778412912930,-0.4027030466666666,0.10397625555555556,-1.1332978222222223,0.3501087955555555,0.3145948288888889,0.14226802166666666
517,1778412912940,-0.39535844,0.09354204,-1.091649,0.23418356,0.1570641,0.033672955
518,1778412912950,-0.39726234222222223,0.08519467022222223,-1.092353666666667,0.15870999555555554,0.13697401999999997,-0.03100898277777778
519,1778412912960,-0.455401569,0.0021800049,-1.096064,0.051784576140000003,0.10666920319999999,-0.06560499759999999
520,1778412912970,-0.4831006777777777,-0.02313820722222222,-1.086852011111111,0.025884652,-0.03569214388888889,-0.04282717933333333
521,1778412912980,-0.5224329,-0.0494541056,-1.0717454,0.0575876242,-0.152207862,-0.015324629900000001
522,1778412912990,-0.5347263,-0.061893854,-1.085795,0.09552124,-0.2967954,0.033672955
523,1778412913000,-0.5347263,-0.061893854,-1.085795,0.09552124,-0.2967954,0.033672955
524,1778412913010,-0.526189225,-0.05469831199999999,-1.0688275500000002,0.094910395,-0.428127575,0.1030041175
525,1778412913020,-0.49702766111111113,-0.03335221466666667,-1.0219092,0.07271627111111112,-0.6209517155555555,0.21136163666666669
526,1778412913030,-0.496059439,-0.0049088231,-0.966458842,0.039201122,-0.661349082,0.255410512
527,1778412913040,-0.49981573,0.016433885,-0.95792174,0.028938890000000002,-0.69262445,0.277401
528,1778412913050,-0.506849695,0.0233611187,-0.9555801299999999,0.061313795000000004,-0.771729175,0.30000235000000003
529,1778412913060,-0.5149691,0.032532386,-0.9476771999999999,0.0936887,-0.8508339,0.3226037
530,1778412913070,-0.505181922,0.043758649,-0.956116748,0.16393614,-0.978195535,0.3626142
531,1778412913080,-0.5025801388888889,0.07229419433333334,-0.9817577888888889,0.21789431666666667,-1.0911004666666666,0.3902041433333333
532,1778412913090,-0.49323,0.084761046,-1.0033207,0.25739577,-1.1916866,0.40812233
533,1778412913100,-0.490424956,0.087422786,-1.00590622,0.25788444800000004,-1.20451439,0.40769473500000003
534,1778412913110,-0.4410927866666667,0.13170483533333333,-1.0283629,0.25787085555555556,-1.3912300555555557,0.38687841333333334
535,1778412913120,-0.41602427,0.157106722,-1.0144921,0.257273592,-1.51128192,0.347648436
536,1778412913130,-0.37112938666666667,0.20304029666666668,-1.0398269000000002,0.19284956666666664,-1.7172188999999998,0.18516308333333334
537,1778412913140,-0.3729181,0.20238985,-1.0567385,0.10040802,-1.7652723,0.10208785000000001
538,1778412913150,-0.3723760622222222,0.19648165333333334,-1.0373605555555556,-0.15054839333333334,-1.8000905333333332,-0.03837308361111111
539,1778412913160,-0.369747184,0.177559134,-0.993551864,-0.306492608,-1.81365132,-0.13066022500000002
540,1778412913170,-0.3761703244444445,0.16232654333333332,-0.9632337022222222,-0.4493630066666667,-1.825135288888889,-0.21630779777777778
541,1778412913180,-0.38788848,0.14325022666666667,-0.9605235666666666,-0.5604014999999999,-1.8492976444444444,-0.29666814
542,1778412913190,-0.41246309999999997,0.12259862000000002,-0.9623123,-0.6601732,-1.8996586,-0.37078428
543,1778412913200,-0.3971776477777778,0.11077881666666667,-0.969954938888889,-0.6709648333333333,-1.9109253444444445,-0.3784538088888889
544,1778412913210,-0.38779703,0.09817646,-0.97987425,-0.763039863,-2.0150477,-0.45019444599999997
545,1778412913220,-0.46444783,0.033020217,-1.0040525,-0.9482894666666666,-2.421958533333333,-0.6682669
546,1778412913230,-0.57672265,-0.0436336427,-0.9372681500000001,-1.01336508,-2.58596086,-0.654461768
547,1778412913240,-0.6623963222222221,-0.11042310444444445,-0.7827963666666666,-1.0240345444444445,-2.8047391000000004,-0.49397182888888885
548,1778412913250,-0.7059497,-0.14317907800000002,-0.636445674,-0.9566784500000001,-2.91245865,-0.35697914799999997
549,1778412913260,-0.7337216444444444,-0.16244849666666666,-0.5272123533333333,-0.8284955444444445,-3.010798277777778,-0.18467949366666667
550,1778412913270,-0.7231112888888889,-0.14183753933333335,-0.39402027777777776,-0.5386145333333334,-3.1010678333333335,0.09735378133333332
551,1778412913280,-0.64704386,-0.062582918,-0.35359988600000003,-0.17776418480000003,-3.19656367,0.360659489
552,1778412913290,-0.5874428,0.013994718999999997,-0.36047834,0.074141584,-3.2692544,0.47226127999999995
553,1778412913300,-0.537388066,0.0849439779,-0.540040659,0.365027056,-3.3967993200000004,0.549838888
554,1778412913310,-0.5343197866666666,0.12032205933333333,-0.61983292,0.3535702866666666,-3.4520335555555555,0.5636847766666667
555,1778412913320,-0.531726142,0.138721512,-0.6444766200000001,0.230090905,-3.52642114,0.5780600199999999
556,1778412913330,-0.5038200566666666,0.16147283666666667,-0.5942013333333332,0.07068012266666666,-3.5805829999999994,0.5891367533333333
557,1778412913340,-0.47225317,0.17726645,-0.5281406,-0.026648211999999998,-3.603388,0.59076566
558,1778412913350,-0.47225317,0.17726645,-0.5281406,-0.026648212,-3.6033880000000003,0.59076566
559,1778412913360,-0.42691177444444445,0.20176649444444447,-0.37910748,-0.2270739791111111,-3.6218490666666665,0.516378051111111
560,1778412913370,-0.4109020360000001,0.20346309599999998,-0.34759954,-0.25114983999999996,-3.70234526,0.45332504
561,1778412913380,-0.38072345,0.23242207999999998,-0.22260443999999996,-0.18363595,-3.9662313,0.31160846
562,1778412913390,-0.38994349300000003,0.234129513,-0.199532986,-0.103248454,-4.14924119,0.23549688600000002
563,1778412913400,-0.39702858444444444,0.23865552555555558,-0.15439586444444442,-0.07286898555555556,-4.314957244444445,0.15631750666666666
564,1778412913410,-0.3637271833333333,0.24819537444444448,-0.09921310222222221,-0.11338852000000002,-4.4426923,0.05077668
565,1778412913420,-0.340513776,0.24125188199999997,-0.048191836,-0.14893983400000002,-4.428764920000001,0.027686652899999997
566,1778412913430,-0.38318970333333335,0.16758768666666668,0.12142646,-0.23084936111111112,-4.3394589111111115,-0.003605695533333334
567,1778412913440,-0.38926053,0.13308702,0.20864022,-0.28083703,-4.234393,-0.0011453386
568,1778412913450,-0.350200324,0.142511357,0.208640219,-0.30093390099999995,-4.2216875,0.0013591352
569,1778412913460,-0.2750431611111111,0.1599957877777778,0.21010371444444445,-0.3812195811111111,-4.2130817333333335,-0.01629774475555555
570,1778412913470,-0.23684918800000002,0.16110697200000001,0.375845092,-0.35536038799999997,-4.40078812,-0.135119416
571,1778412913480,-0.21939288666666668,0.16433886222222224,0.4284362222222222,-0.2042435622222222,-4.629814933333333,-0.21936203777777777
572,1778412913490,-0.19210469555555557,0.1649892988888889,0.3505150111111111,-0.07755214666666667,-4.906936066666667,-0.29544645333333336
573,1778412913500,-0.15190519600000002,0.162619238,0.24344103600000003,-0.19698296399999998,-5.1850246,-0.393019128
574,1778412913510,-0.1337578,0.1428437,0.20156664,-0.36818817,-5.305285,-0.44652935999999993
575,1778412913520,0.0037840968888888877,0.17083990444444444,0.26620456,-0.7765056544444444,-5.326460822222222,-0.5610971288888889
576,1778412913530,0.09871917799999999,0.10628668599999999,0.45463628,-1.67027024,-5.18907106,-0.95548728
577,1778412913540,0.04864104666666667,-0.06401796333333333,0.8228224000000001,-2.038651811111111,-4.980373288888889,-1.0801136777777778
578,1778412913550,0.003155672000000001,-0.14133447,1.1774924,-2.3318178,-4.591860819999999,-1.14057396
579,1778412913560,-0.013852434,-0.16670350111111112,1.3594965777777777,-2.3716993333333334,-4.390023266666667,-1.165292911111111
580,1778412913570,-0.07347990133333332,-0.20067227333333335,1.6065266666666667,-2.2019516444444442,-4.251157644444444,-1.2148394333333334
581,1778412913580,-0.19501139,-0.23506858400000002,1.90865412,-1.47376063,-4.127800519999999,-1.24655602
582,1778412913590,-0.22932910555555555,-0.22042274,2.0294003444444444,-0.9365476933333334,-4.0205289777777775,-1.1727588
583,1778412913600,-0.2442588288888889,-0.17593505555555555,2.0057640222222224,-0.043191993333333345,-3.8037457999999997,-1.0180787833333333
584,1778412913610,-0.24724003999999997,-0.14854525,1.9572178,0.4479801,-3.6840198,-0.92482275
585,1778412913620,-0.15156711666666667,-0.11377357333333332,1.684867988888889,0.9253911455555556,-3.6063066111111106,-0.8439194266666666
586,1778412913630,-0.0441977024,-0.1086587814,1.11272354,1.29827946,-3.66178486,-0.8546974799999999
587,1778412913640,-0.03296940266666667,-0.12063711733333332,0.9094636766666666,1.1343009533333333,-3.693521877777778,-0.8940088888888889
588,1778412913650,-0.07047159066666667,-0.16090369333333332,0.8857122533333333,0.7350783033333333,-3.7066211666666664,-0.90262865
589,1778412913660,-0.058600980000000004,-0.18123008,1.0005767,0.48585263,-3.6748570999999997,-0.87045735
590,1778412913670,-0.01857154622222222,-0.21909137777777776,1.191346611111111,0.30714589333333336,-3.5484117333333334,-0.744758581111111
591,1778412913680,0.053102692,-0.22353946666666666,1.3421413333333332,0.3801760666666667,-3.5602213333333332,-0.61939914
592,1778412913690,0.076809362,-0.21101840199999997,1.4527432999999998,0.6248814680000001,-3.63918364,-0.540966348
593,1778412913700,0.024987908,-0.20851826555555555,1.3977713,0.8322709111111111,-3.739674877777778,-0.4292898711111111
594,1778412913710,0.028782167000000004,-0.17927876,1.3768791,1.0331718,-3.9063682999999996,-0.20829892
595,1778412913720,0.08186792022222221,-0.11982405777777777,1.3296473111111111,1.0818359333333332,-3.9394218666666663,-0.07992767066666667
596,1778412913730,0.1828562,-0.0482243571,1.2773102666666667,1.0037832666666666,-3.954760911111111,0.012293300977777779
597,1778412913740,0.235349106,0.00335995236,1.33734026,0.9158891,-3.9442408,0.0031305922
598,1778412913750,0.1966883,0.03481910666666667,1.3741960666666668,0.6714144622222222,-3.780601622222222,-0.13140003444444445
599,1778412913760,0.18888296,0.059881546,1.3815136,0.43148723,-3.6418714999999997,-0.24067383000000003
600,1778412913770,0.191803871,0.0560703419,1.3643174400000002,0.042117916,-3.41518593,-0.44420813500000006
601,1778412913780,0.11657861644444445,-0.023073837444444443,1.4138393333333334,-0.7215972455555556,-2.9450982000000003,-0.7892146666666666
602,1778412913790,-0.0745531328,-0.179053128,1.6330221600000001,-1.5158479999999999,-2.3023749000000002,-0.9586637
603,1778412913800,-0.35175834,-0.32547632000000004,1.9218397666666667,-1.8038828555555557,-1.9067173,-0.9166781444444444
604,1778412913810,-0.37633294,-0.34694096,1.9789569,-1.8354433000000003,-1.8208592999999997,-0.8912262
605,1778412913820,-0.436705363,-0.447123673,2.32385209,-1.59837355,-0.98540352,-0.463572002
606,1778412913830,-0.4190759388888889,-0.41781234333333334,2.3835908888888886,-0.6658489666666667,-0.4091913133333333,0.016721946666666664
607,1778412913840,-0.3959987233333333,-0.3477438722222222,2.1890910888888886,-0.10992705888888889,-0.2455521211111111,0.24000358666666666
608,1778412913850,-0.241575074,-0.233416068,1.83560716,0.481332362,-0.01482832,0.522595104
609,1778412913860,-0.15400289,-0.14878917,1.6319245,0.76134473,0.12835428,0.66040224
610,1778412913870,-0.040663958,-0.0677478561,1.31056726,0.749616462,0.19902166999999998,0.6482463700000001
611,1778412913880,0.031201007777777776,-0.0052171065555555556,1.1289851888888889,0.6525460433333333,0.22664129333333335,0.5932090377777778
612,1778412913890,0.07548204666666666,0.04034788066666666,1.0630396333333332,0.3335480522222223,0.22012560222222222,0.4054753355555556
613,1778412913900,0.087938056,0.0528567412,1.08304494,0.032848309,0.250539003,0.232259409
614,1778412913910,0.06320491,0.05110054,1.137231,-0.14332004,0.28602922,0.12407835
615,1778412913920,0.017914324066666668,-0.0034385479444444442,1.2737701666666665,-0.24110650666666666,0.3184720022222222,0.05456053777777778
616,1778412913930,0.0012195833,-0.03457519,1.4056917,-0.25004268639999994,0.326345155,-0.0189973497
617,1778412913940,-0.0982577588888889,-0.10258390055555555,1.4925905000000002,-0.025901622444444446,0.26593066666666665,-0.007728913999999999
618,1778412913950,-0.1554176,-0.13692872,1.53253458,0.344869076,0.178932438,0.10575293399999999
619,1778412913960,-0.1601008,-0.1285136,1.4835317,0.5334987,0.18088715,0.18149799
620,1778412913970,-0.13919850555555555,-0.09980595333333334,1.3751920333333334,0.608565051111111,0.25520689888888887,0.26674512777777776
621,1778412913980,-0.0908620011,-0.0508444262,1.29407855,0.56862243,0.39903597,0.36414133
622,1778412913990,-0.03650958233333333,0.001023094666666667,1.2909459333333333,0.48795665777777775,0.49385304,0.3740506244444444
623,1778412914000,-0.002052964333333334,0.037664798666666666,1.3331976666666665,0.4246321711111111,0.5732631977777778,0.34147209666666667
624,1778412914010,0.020245085,0.05427146000000001,1.3951728,0.39422554,0.6421532,0.27495763
625,1778412914020,0.013957454333333334,0.04906790444444445,1.408642488888889,0.3909677088888889,0.781154888888889,0.2076286877777778
626,1778412914030,0.0282455501,0.0840536862,1.37475694,0.344013908,1.00872264,0.11027319660000001
627,1778412914040,0.0291073891,0.08451712933333333,1.3562275000000001,0.30382016,1.1015103,0.045279052
628,1778412914050,-0.009929441800000001,0.049057741,1.3653338333333334,0.27151313,1.171825688888889,-0.029846676222222226
629,1778412914060,-0.039544992,0.015214303000000002,1.3695617,0.24029204,1.302479,-0.10262234
630,1778412914070,-0.06655876333333334,-0.004715722333333333,1.3585752666666666,0.19508934,1.4765705,-0.076966755
631,1778412914080,-0.1296112202222222,-0.053221264222222224,1.3240542,0.15789553222222222,1.5734237333333334,-0.012089685277777778
632,1778412914090,-0.12131805,-0.05799118999999999,1.323187,0.128873501,1.6687429999999999,0.042591326799999996
633,1778412914100,-0.119901988,-0.05248951377777778,1.3361212777777778,0.118122585,1.7874918,0.10514209
634,1778412914110,-0.084212236,-0.035794772,1.3549267,0.118733436,1.8473548000000002,0.12468919999999999
635,1778412914120,-0.09603541466666667,-0.04641869688888889,1.380348188888889,0.12158405733333333,1.9814697222222222,0.13595594022222224
636,1778412914130,-0.11553519333333334,-0.05603985533333333,1.3949391666666666,0.12056598,2.03855,0.14606886
637,1778412914140,-0.10982348,-0.05652769,1.3998379,0.11934428999999999,2.0990238,0.1674485
638,1778412914150,-0.040845879,-0.030987580333333334,1.4145541,0.11228560666666668,2.2579798444444443,0.18047991333333332
639,1778412914160,0.01536675,-0.011128698,1.4337422,0.112014115,2.4294922,0.1674485
640,1778412914170,-0.014177657,-0.021403689,1.4154484,0.1079825239,2.56100762,0.144724988
641,1778412914180,-0.06459048977777777,-0.04972512377777778,1.3305044333333333,0.07963921322222221,2.851664,0.12828641555555553
642,1778412914190,-0.1140798296,-0.066918542,1.26140286,0.029305398699999995,2.96644219,0.168364772
643,1778412914200,-0.125454482,-0.057340744,1.2052329,-0.029702447333333333,3.0249411,0.23056938666666665
644,1778412914210,-0.096651986,-0.034087352,1.1714097,-0.072461754,3.0196471,0.2566322
645,1778412914220,-0.0718944386,0.0030642037999999996,1.18186158,-0.128476448,3.06484976,0.199701243
646,1778412914230,-0.07713865,0.013019053,1.1606469,-0.15798037,3.111885,0.15095563
647,1778412914240,-0.12605410333333333,-0.0009688912777777787,1.1420821444444444,-0.18287240333333332,3.1273598666666667,0.12407834733333334
648,1778412914250,-0.22114400399999998,-0.048454047,1.1447040400000001,-0.23618408999999999,3.12501826,0.1071578796
649,1778412914260,-0.24455696000000002,-0.066040434,1.1928744,-0.228915,3.1173825,0.13201937
650,1778412914270,-0.26402150300000005,-0.086892265,1.23097127,-0.121642596,3.11903202,0.21228469100000003
651,1778412914280,-0.29298795666666666,-0.10146594622222221,1.2765683666666667,0.005726693555555553,3.1424953555555555,0.2886677455555555
652,1778412914290,-0.3024194088888889,-0.09560855755555556,1.2626854333333333,0.22257747333333333,3.2391448555555553,0.4158597344444444
653,1778412914300,-0.25171590000000005,-0.03183112492,1.0817887,0.470092788,3.26813964,0.516730964
654,1778412914310,-0.22403745000000003,-0.0021037813,1.0030159,0.5719821,3.2175615,0.52479416
655,1778412914320,-0.22157118888888888,0.0404054756,0.8884088888888889,0.6253294166666666,3.113106711111111,0.43615342999999995
656,1778412914330,-0.22598879,0.072321296,0.8004430499999999,0.6159631,3.0508003,0.36475217
657,1778412914340,-0.22866849888888888,0.07649497911111111,0.7455923333333333,0.5380461311111111,3.034171644444444,0.3134410111111111
658,1778412914350,-0.29347748500000004,0.081590122,0.7764020150000001,0.195944531,3.11286238,0.183513795
659,1778412914360,-0.31971377,0.077931374,0.8199564,0.06436803,3.1845758,0.14118208
660,1778412914370,-0.32415848555555554,0.07906965599999999,0.775194288888889,-0.05698696066666667,3.298464866666667,0.08498412822222222
661,1778412914380,-0.34006254,0.06963821,0.79512568,-0.126460654,3.3591559600000003,0.024998924782
662,1778412914390,-0.4128120111111111,0.040788288222222226,0.8191704444444444,-0.09363779133333333,3.4238242666666667,-0.006872031393333334
663,1778412914400,-0.47339143333333333,0.00570155248,0.8036953,-0.02956670511111111,3.4653619555555557,-0.007584685777777779
664,1778412914410,-0.499084,0.00033538544,0.7862959,0.060702946,3.496719,0.038559735
665,1778412914420,-0.5038810533333333,0.016921718875555557,0.7118572655555556,0.34556138688888893,3.3983724,0.10127338844444445
666,1778412914430,-0.494108108,0.030096267500000003,0.595428039,0.541378663,3.26728454,0.143320045
667,1778412914440,-0.46675148,0.06709063666666666,0.4607213111111111,0.5664844777777778,3.1372011555555557,0.1306619222222222
668,1778412914450,-0.46065357111111116,0.09064214777777778,0.37694610333333334,0.4612151222222222,3.0780168333333333,0.08294797044444445
669,1778412914460,-0.4678627000000001,0.09671296,0.35870996,0.3172588,3.0770667,0.037338037
670,1778412914470,-0.5009608222222223,0.09563904688888888,0.3844736488888889,0.15002239088888888,3.1431739444444444,-0.013201088444444446
671,1778412914480,-0.5740578777777778,0.06611496866666668,0.43254555,-0.04918169,3.2408417,-0.06746468611111112
672,1778412914490,-0.5924918650000001,0.053295791599999996,0.48256778999999994,-0.074049956,3.3457172400000004,-0.051799848999999995
673,1778412914500,-0.5868194388888889,0.05985443766666668,0.5235739377777777,0.05832742999999999,3.3662009666666663,-0.036447220111111116
674,1778412914510,-0.5854915,0.05890587700000001,0.47877792,0.36673743,3.3189623,-0.015271181
675,1778412914520,-0.5613471222222223,0.09065569711111111,0.26525259777777777,0.5136122477777777,3.1110027444444444,-0.039162097444444446
676,1778412914530,-0.5470305588888889,0.12202948333333333,0.14535062044444444,0.5291549155555555,3.0274523444444443,-0.07092615466666669
677,1778412914540,-0.52448183,0.13894103,0.090035744,0.46508384,3.0165927,-0.12522368
678,1778412914550,-0.50972147,0.16123569222222223,0.0289312285,0.17309884666666667,3.1686259000000003,-0.26286793333333336
679,1778412914560,-0.53106755,0.1399167,0.03609967,-0.09750649,3.312243,-0.38727716
680,1778412914570,-0.61854827,0.0682417872,0.23765105800000003,-0.152055156,3.61467346,-0.37640406400000004
681,1778412914580,-0.6393936833333334,0.03250528488888889,0.23118220111111112,-0.08814016944444444,3.8117124666666666,-0.3175726811111111
682,1778412914590,-0.5929217849999999,0.0442983156,0.097453865,0.14725999650000002,3.8646321,-0.21972176399999999
683,1778412914600,-0.5483145333333334,0.07370348666666666,-0.08731200666666666,0.41825218666666664,3.6701994666666673,-0.20565190666666666
684,1778412914610,-0.5837841,0.07305304,-0.21357954,0.576258,3.460068,-0.2211267
685,1778412914620,-0.63503096,0.0609547752,-0.33452560400000003,0.5644686520000001,3.41736978,-0.21459063500000003
686,1778412914630,-0.66747797,0.03350805,-0.45981342,0.5566430800000001,3.176431133333333,-0.1894305211111111
687,1778412914640,-0.6624065199999999,0.06716177333333334,-0.49542185,0.24327840888888888,2.871618511111111,-0.1311964188888889
688,1778412914650,-0.576649508,0.14923431199999998,-0.365070086,-0.067452808,2.76307592,-0.19260014600000003
689,1778412914660,-0.55863017,0.15260036,-0.31629896,-0.15126105,2.7960007,-0.27427042
690,1778412914670,-0.593217574,0.133477294,-0.312210312,-0.169219961,2.87828182,-0.37231139999999996
691,1778412914680,-0.6406301933333334,0.11589768888888889,-0.3345419,-0.13775454333333334,2.8574840999999997,-0.4372987488888889
692,1778412914690,-0.7075921166666667,0.08879921777777777,-0.37024856888888885,-0.0016034733333333303,2.6991473333333333,-0.4639045377777778
693,1778412914700,-0.72292632,0.078126508,-0.429890946,0.1031568325,2.5644284500000003,-0.446712592
694,1778412914710,-0.7197066,0.07695571,-0.45347157,0.16943376,2.4844685,-0.4343124
695,1778412914720,-0.7179449844444444,0.07947957055555556,-0.46613491111111105,0.16943376,2.4844685,-0.4343124
696,1778412914730,-0.716145418,0.07779417050000001,-0.583662082,0.1382194622,2.3112932600000002,-0.426615732
697,1778412914740,-0.7244223166666667,0.06784948333333334,-0.58183271,0.09755739566666667,2.237482533333333,-0.41496891333333336
698,1778412914750,-0.729512094,0.053198225,-0.5496784299999999,-0.045462307800000004,2.2453829,-0.385566794
699,1778412914760,-0.7265362999999999,0.04321051377777777,-0.5256505822222222,-0.07768789522222223,2.3021646666666666,-0.35816009555555556
700,1778412914770,-0.7175926866666666,0.03579477266666667,-0.5663846600000001,-0.024408438,2.286757666666667,-0.33046835
701,1778412914780,-0.723194633,0.0397736632,-0.60381876,0.020570281200000002,2.24660448,-0.305790131
702,1778412914790,-0.7136900133333334,0.048884968,-0.6268353333333333,0.06986565666666666,2.1658098,-0.28302589
703,1778412914800,-0.7064538166666667,0.07248390733333333,-0.6592864333333334,0.13135761666666668,2.0821237999999997,-0.2630715533333333
704,1778412914810,-0.73097556,0.06154017900000001,-0.6518673,0.173587524,2.01265018,-0.25985442000000003
705,1778412914820,-0.7127042133333332,0.05297057,-0.67366739,0.24069927000000002,1.9868316333333331,-0.21562908333333333
706,1778412914830,-0.660837364,0.062369494000000004,-0.731280446,0.274927079,1.9862003600000002,-0.17861174100000002
707,1778412914840,-0.5972468911111111,0.08999170422222222,-0.8381281277777778,0.2100890333333333,2.0014241,-0.1909237022222222
708,1778412914850,-0.5496594488888888,0.09666553422222222,-0.8872942811111111,0.06626844616,2.0483915222222224,-0.2691800222222222
709,1778412914860,-0.52594537,0.10674403000000002,-0.9152058400000002,0.00022906772,2.0464911,-0.351848
710,1778412914870,-0.5942725088888889,0.04358655333333333,-0.9690605866666666,-0.023661846346666668,1.947465933333333,-0.4186339777777778
711,1778412914880,-0.66991717,-0.030428605000000004,-1.0147848,-0.0510821,1.8333054,-0.47035237999999996
712,1778412914890,-0.6727374,-0.07008030999999999,-0.99194815,-0.038804073,1.7166335499999998,-0.28948051599999997
713,1778412914900,-0.6237220155555556,-0.07592245333333332,-0.9810396777777777,0.0034869188888888895,1.6499832666666667,-0.10837449044444443
714,1778412914910,-0.5723077759999999,-0.07121147,-0.976898504,0.10303466000000001,1.63099267,0.0789978236
715,1778412914920,-0.5180451111111111,-0.0649021588888889,-1.0290911888888887,0.23981693777777777,1.5667044222222222,0.20545679
716,1778412914930,-0.4939888511111111,-0.05921077,-1.0818178222222223,0.304431,1.530325,0.25052375
717,1778412914940,-0.490912783,-0.0534299458,-1.23790758,0.47925548300000004,1.23039908,0.35119136100000004
718,1778412914950,-0.4497179633333333,-0.03202761466666667,-1.357884111111111,0.5700137933333334,0.9407895777777777,0.40228533333333333
719,1778412914960,-0.42490283,-0.022135438,-1.4094115,0.5910541133333334,0.6438499555555555,0.4104978444444444
720,1778412914970,-0.38340652,-0.0035672812,-1.4694456,0.5334987,0.3837648,0.3806342
721,1778412914980,-0.35988211111111107,0.016217070755555556,-1.4462192222222223,0.3982978555555555,0.07148609777777779,0.2866994711111111
722,1778412914990,-0.34998993799999994,0.020141418799999998,-1.40700892,0.21995082724,-0.157949829,0.1722131148
723,1778412915000,-0.39488075333333333,0.0004878339999999995,-1.2824122666666666,-0.06343479155555555,-0.3829927533333333,0.013752548444444446
724,1778412915010,-0.44683498888888884,-0.030428603333333335,-1.1804618444444444,-0.17714570333333335,-0.46559288,-0.038076146000000005
725,1778412915020,-0.5291893780000001,-0.0746598428,-1.05341821,-0.238566392,-0.5476093,-0.0530215428
726,1778412915030,-0.5666590577777778,-0.09325408688888889,-1.0135584555555555,-0.2468332011111111,-0.6123998288888889,-0.032094933
727,1778412915040,-0.6250974533333333,-0.11843171000000001,-0.93521718,-0.18571453444444444,-0.7853374866666667,0.06109320833333333
728,1778412915050,-0.6481597800000001,-0.12129366800000001,-0.8544828260000001,-0.085778222,-0.9092308960000001,0.13812783199999998
729,1778412915060,-0.6452002733333333,-0.10834981533333334,-0.8015609800000001,0.10773818666666665,-1.0536351333333331,0.23708509
730,1778412915070,-0.6404520359999999,-0.09904846120000001,-0.806699504,0.26588654199999995,-1.13866506,0.31093653899999996
731,1778412915080,-0.64162284,-0.095828764,-0.81855386,0.3612398,-1.1831348,0.3635305
732,1778412915090,-0.6381165,-0.09737357,-0.9059268133333332,0.42741491333333337,-1.2016638,0.47450105333333337
733,1778412915100,-0.599516682,-0.078550314,-0.970995698,0.36771478,-1.2028041200000001,0.5593680959999999
734,1778412915110,-0.5713443,-0.06384519,-1.0020707,0.2940466,-1.198406,0.58648974
735,1778412915120,-0.5713443,-0.06384519,-1.0020707,0.2940466,-1.198406,0.58648974
736,1778412915130,-0.5032306,0.002774552,-0.9971923,0.13156123,-1.2588799,0.5797704
737,1778412915140,-0.5151655611111111,0.010715395388888889,-0.9946176555555556,0.098507605,-1.3310276444444444,0.5472597222222223
738,1778412915150,-0.543775615,0.00311603545,-0.969840098,0.0789061958,-1.5202003000000002,0.500054834
739,1778412915160,-0.5769306444444444,-0.005877714444444445,-0.9365621177777778,0.08445811777777777,-1.6549124888888889,0.5128486888888889
740,1778412915170,-0.6122138777777777,-0.017931263888888892,-0.9087251177777778,0.0903629711111111,-1.7174225333333333,0.5389114922222222
741,1778412915180,-0.6211033,-0.015519199000000001,-0.8666359,0.10773817999999999,-1.7939820000000002,0.59809583
742,1778412915190,-0.635213188888889,-0.015519199,-0.8505103444444445,0.13970585555555556,-1.8423747222222222,0.65361504
743,1778412915200,-0.6375473666666667,0.0050511078,-0.85346438,0.22970401999999998,-1.9904712777777778,0.8063268555555556
744,1778412915210,-0.6235425,0.028141885999999998,-0.8437077399999999,0.25678492,-2.0603116,0.82960695
745,1778412915220,-0.6113737444444445,0.040517270555555554,-0.8697865122222223,0.25854958666666666,-2.1313055333333333,0.8259418611111111
746,1778412915230,-0.58963805,0.05963763,-0.9039857,0.23540527,-2.2673886,0.81311405
747,1778412915240,-0.5665168,0.07207737600000001,-0.8842995533333333,0.09219551533333334,-2.346799,0.7449027555555555
748,1778412915250,-0.5729974888888889,0.06939090288888888,-0.8503747977777778,-0.03438560977777778,-2.407408522222222,0.6663749333333333
749,1778412915260,-0.6084440200000001,0.03738633,-0.8142974799999999,-0.19257723300000001,-2.45308629,0.62686675
750,1778412915270,-0.6008582,0.030581052333333334,-0.7435494666666667,-0.3347273233333333,-2.4770789777777775,0.6159461444444445
751,1778412915280,-0.5832962,0.029605385,-0.6823874,-0.38834614,-2.4910352,0.6145887
752,1778412915290,-0.576356788,0.042593949000000006,-0.606529292,-0.33953945,-2.64289184,0.57659402
753,1778412915300,-0.5919145766666667,0.033182829999999996,-0.5840279666666667,-0.23135839333333333,-2.8418651333333336,0.5475991
754,1778412915310,-0.6000044950000001,0.0272881765,-0.58000335,-0.20826837,-2.93206688,0.55637493
755,1778412915320,-0.60012646,0.021447728333333332,-0.5606932777777778,-0.24656171333333335,-3.0802312222222223,0.6121453111111111
756,1778412915330,-0.59280896,0.016433885,-0.5525627,-0.29305398,-3.10738,0.6426877
757,1778412915340,-0.525829482,0.0486979656,-0.46865537800000007,-0.5354381619999999,-3.08013626,0.710980408
758,1778412915350,-0.49420568666666675,0.072727824,-0.39286842666666666,-0.6915299899999999,-3.0558652,0.72311588
759,1778412915360,-0.47761932,0.09402988,-0.31312802,-0.74935687,-3.0505712,0.7056049
760,1778412915370,-0.480643886,0.10116443900000001,-0.280918822,-0.761512738,-3.1095790699999997,0.6684043359999999
761,1778412915380,-0.48249763,0.11162235999999999,-0.24187386,-0.7676823,-3.1647997,0.63841176
762,1778412915390,-0.480058502,0.120208228,-0.249984084,-0.72412888,-3.37480891,0.5972406219999999
763,1778412915400,-0.47669109777777785,0.12216498444444444,-0.25688489555555555,-0.7372077911111111,-3.5281179555555555,0.5894081977777778
764,1778412915410,-0.4374239066666667,0.12690781333333334,-0.17509151766666667,-0.7874330111111111,-3.6974584666666663,0.5778021222222223
765,1778412915420,-0.412463088,0.12425725600000001,-0.0526189237,-0.8112967400000001,-3.7976985,0.5647435869999999
766,1778412915430,-0.40587732,0.1106467,0.03195308,-0.8244911,-3.8477268,0.57244027
767,1778412915440,-0.4128154088888889,0.10261099777777777,0.07359507555555554,-0.8280204333333334,-3.8485412444444447,0.5852001677777778
768,1778412915450,-0.419045811,0.079715018,0.236949813,-0.8000571799999999,-3.7780903699999997,0.6872795469999999
769,1778412915460,-0.27212970666666664,0.17328247333333333,0.3547361533333333,-0.6357392666666667,-3.7841987666666665,0.7049941
770,1778412915470,-0.112811468,0.293382984,0.41254846799999995,-0.329552088,-3.9510821399999996,0.54055402
771,1778412915480,-0.12570857,0.29148042,0.39337662,-0.18180342,-4.034646,0.4221718
772,1778412915490,-0.17916695333333335,0.2828349333333333,0.3672639777777778,-0.12750587555555556,-4.076115777777777,0.2894822166666666
773,1778412915500,-0.18988912,0.2851386,0.3562708,-0.23557324,-4.02145168,0.25150109600000004
774,1778412915510,-0.19647488,0.27952853,0.386303,-0.46286952000000003,-3.8978163999999995,0.21631628
775,1778412915520,-0.1504965911111111,0.2696498811111111,0.6837051955555556,-0.8708476111111111,-3.620220111111111,0.1626295988888889
776,1778412915530,-0.11546406000000001,0.28440684,0.8729168000000002,-0.892906,-3.5771214999999996,0.12224580999999998
777,1778412915540,-0.22957641,0.22420008,0.9240885266666667,-0.47834430666666666,-3.6235459666666667,0.05403453
778,1778412915550,-0.265509402,0.20414606200000002,0.7661788900000001,-0.191691502,-3.79061266,0.092558631
779,1778412915560,-0.24041037,0.2116587,0.6589104,-0.07490514,-3.9808917,0.1130831
780,1778412915570,-0.07559044744444444,0.2542390911111111,0.6056857066666667,-0.21663867888888888,-4.299957644444444,0.004471062111111109
781,1778412915580,-0.022226907,0.24144702,0.71504176,-0.3877353,-4.3412914,-0.11056335000000002
782,1778412915590,-0.05232351411111111,0.1797293222222222,0.9182988399999998,-0.5929799822222221,-4.184575277777778,-0.21372867444444443
783,1778412915600,-0.12765989,0.10942711,1.0886611,-0.74935687,-3.9246936,-0.27854636
784,1778412915610,-0.16107648,0.1127047475,1.15053965,-0.71698198,-3.71480654,-0.23713091200000003
785,1778412915620,-0.15888122444444444,0.13980829555555555,1.1330268000000001,-0.6132058222222222,-3.5247244777777778,-0.20877402222222222
786,1778412915630,-0.16180822,0.1457707,1.0964664,-0.5544966,-3.4744991999999995,-0.2131857
787,1778412915640,-0.1432332877777778,0.13739622555555556,1.0172646455555556,-0.45587870444444445,-3.5362627111111116,-0.21610418777777776
788,1778412915650,-0.09415860444444445,0.13829058444444445,0.9749891655555556,-0.37334645666666666,-3.633794688888889,-0.22886410222222223
789,1778412915660,-0.07918144880000001,0.1187447355,0.9757429099999999,-0.321695064,-3.71670025,-0.24110141499999999
790,1778412915670,0.022511475,0.106002115,1.0180573666666666,-0.15614784,-3.9668422,-0.26144263
791,1778412915680,-0.009543239,0.084029295,1.0003327,-0.10056073,-4.027927,-0.31886226
792,1778412915690,-0.003237993,0.0721017695,1.028492887,-0.139067017,-4.04808472,-0.254906556
793,1778412915700,0.027271239555555556,0.06535611666666667,1.0850090333333333,-0.1930107677777778,-4.068581911111111,-0.1448386788888889
794,1778412915710,0.135782318,0.10701843600000001,1.1427434399999998,-0.1753818828,-4.09750219,-0.05244887150000001
795,1778412915720,0.29046411000000005,0.14776267999999998,1.1978849,-0.078095124,-4.2261127555555555,0.016026256222222222
796,1778412915730,0.34727636,0.15970443,1.2514449,-0.021761434,-4.2997537,0.0122933015
797,1778412915740,0.40270642399999995,0.160494119,1.20509471,0.13388244919999998,-4.4822751400000005,-0.07499677169999999
798,1778412915750,0.38923004,0.1501612,1.1501586,0.2048629,-4.614951,-0.13011047
799,1778412915760,0.3841077866666667,0.14495764666666666,1.1572423,0.18735194666666666,-4.6695199999999994,-0.13601532333333333
800,1778412915770,0.417201182,0.147042116,1.31410105,-0.018157432600000002,-4.97205228,-0.20530576699999997
801,1778412915780,0.45584979999999997,0.1606801,1.4513042,-0.07185091,-4.9973416,-0.23884128
802,1778412915790,0.442486184,0.263237924,1.6902357900000002,-0.431815543,-4.78959233,-0.659348534
803,1778412915800,0.36441827111111114,0.3542517044444444,1.8374005888888887,-1.0973361666666668,-4.3726485,-1.4012836333333334
804,1778412915810,0.12638948177777778,0.2058961631111111,2.165234777777778,-1.5312413333333332,-3.982724299999999,-1.6834950666666666
805,1778412915820,-0.17907751619999998,-0.0645677871,2.6767447,-2.2532628000000003,-2.83649986,-2.04633844
806,1778412915830,-0.4334399,-0.29227313,3.023713,-2.3558853,-2.1232288,-2.00419
807,1778412915840,-0.6904468044444444,-0.5218935988888889,3.1266933999999997,-1.6749262133333334,-1.1090865211111112,-1.4312151644444446
808,1778412915850,-0.83977467,-0.6920221,3.167929,-0.92467004,-0.47271943,-0.93276376
809,1778412915860,-0.8550431000000001,-0.6267134,2.4488184222222222,0.7099657222222223,-0.1719789588888889,0.15559635555555554
810,1778412915870,-0.7741305,-0.54048884,2.1546686,1.3367629,-0.17401512,0.6280273
811,1778412915880,-0.5431312933333333,-0.3749642888888889,1.8281724222222222,1.6612585555555557,-0.19634497222222222,0.9758030111111111
812,1778412915890,-0.34979345777777776,-0.23200202222222222,1.626643,1.7843781777777776,-0.1755761611111111,1.1661159
813,1778412915900,0.1100308055,0.1321327165,1.2126348200000001,1.56051616,0.0843121966,1.21505156
814,1778412915910,0.24785999333333336,0.2750567133333333,1.0212283333333334,1.1853406288888888,0.23812014333333334,1.0082458666666667
815,1778412915920,0.3697709088888889,0.3966423866666666,0.8880972222222222,0.55915433,0.39781427,0.6286382
816,1778412915930,0.37337545,0.40423090000000006,0.8890458000000001,0.42776105300000006,0.41815550300000004,0.54012644
817,1778412915940,0.22097833444444445,0.31285022555555553,1.1380440666666667,-0.30010417777777776,0.4320895911111111,-0.10885807555555554
818,1778412915950,0.10003632,0.22973901,1.2919656,-0.43232715,0.4033119,-0.29687178
819,1778412915960,-0.15157389666666665,-0.005040945666666667,1.4778403333333334,-0.16369009666666667,0.2909160111111111,-0.27223427
820,1778412915970,-0.17994276111111113,-0.040839106,1.4916080222222223,-0.02800565222222222,0.2700793166666667,-0.19892410707777777
821,1778412915980,-0.205597378,-0.085529376,1.4856720600000002,0.24023095099999997,0.311990235,0.06464291441
822,1778412915990,-0.16662897,-0.059996723777777775,1.4393183888888887,0.4386137777777777,0.3925881555555556,0.3026493722222222
823,1778412916000,-0.11424446999999999,-0.019208437,1.3905385,0.5219604888888889,0.4303928,0.4009957777777778
824,1778412916010,-0.02954441,0.088053916,1.3543015999999999,0.61565768,0.50501797,0.48875415
825,1778412916020,0.02984930333333333,0.16285502333333335,1.3220486666666666,0.6304198066666666,0.59023116,0.4899758333333334
826,1778412916030,0.0686198604,0.207759065,1.28444999,0.5893912269999999,0.6878445639999999,0.447399798
827,1778412916040,0.10266520866666667,0.24589170666666668,1.2490058777777777,0.4561925988888889,0.8549316533333333,0.33543149555555557
828,1778412916050,0.09735324,0.25632593,1.2387613,0.3459686,0.9817843,0.24563695
829,1778412916060,0.0666045,0.236690645,1.257177,0.24035311799999998,1.08770517,0.1376391601
830,1778412916070,0.050111327044444445,0.2132035088888889,1.294896011111111,0.1642076177777778,1.1828208555555557,0.012208461444444445
831,1778412916080,0.0041465834,0.1589727,1.3554145,0.18653747,1.2493354,-0.054365408
832,1778412916090,-0.051850586,0.106695246,1.3243272400000001,0.202052996,1.4176849,-0.0389720532
833,1778412916100,-0.04850892833333333,0.10658142333333334,1.2868332333333334,0.15097259666666668,1.5784463222222225,-0.010757698333333333
834,1778412916110,-0.026471058199999998,0.119037434,1.27833686,0.088801922,1.7172443999999998,-0.0008399148500000001
835,1778412916120,-0.03360968466666667,0.11037568,1.3067903444444444,0.06769375066666666,1.8248213666666666,0.0015695381888888886
836,1778412916130,-0.039788906,0.1033292,1.3239187,0.06742226,1.8766755,0.0061848285
837,1778412916140,-0.042520772,0.11493963200000001,1.2730621,0.09466605019999999,1.94808358,0.023410721099999997
838,1778412916150,-0.04539899,0.13016003,1.239737,0.105294794,1.9945691,0.033062108
839,1778412916160,-0.011809633,0.15838321666666666,1.2040134,0.08269345,2.0208354,0.027564483
840,1778412916170,0.00745165436,0.163887606,1.21370492,-0.0411863776,2.13371998,-0.095780846
841,1778412916180,0.0007012604,0.14820987,1.2123878,-0.08773294,2.1729364,-0.12949961
842,1778412916190,-0.05317078493999999,0.11933928199999999,1.23760274,-0.137417725,2.2799568700000004,-0.16101933200000002
843,1778412916200,-0.10516534999999999,0.09186173244444445,1.2484604777777777,-0.19470756,2.4313247,-0.18814096
844,1778412916210,-0.14844701222222223,0.06475987822222223,1.2208977666666665,-0.23135840666666663,2.5056445000000003,-0.15271181666666667
845,1778412916220,-0.17226005,0.0505151416,1.22352256,-0.24797344399999996,2.54359846,-0.10604308600000001
846,1778412916230,-0.17769329,0.05110054,1.230712,-0.23991025999999996,2.5608244,-0.07269082
847,1778412916240,-0.1761450988888889,0.04890529111111111,1.2312981,-0.23366604444444444,2.5658469333333334,-0.06291726466666667
848,1778412916250,-0.17793721,0.04402696,1.2270228,-0.184643854,2.59222192,-0.0169815538
849,1778412916260,-0.17793721,0.04402696,1.2270228,-0.16286714777777778,2.6020225999999997,-0.007728914733333332
850,1778412916270,-0.162890598,0.061101121999999994,1.22616915,-0.13354649,2.6335154,0.0037414394
851,1778412916280,-0.15644205,0.06841862,1.2258033,-0.13877262777777777,2.6772248,0.019894955644444445
852,1778412916290,-0.1742479611111111,0.06906907333333333,1.1342801888888887,-0.22503782777777775,2.818941466666667,0.07337802733333333
853,1778412916300,-0.23165376399999998,0.0471917808,1.10427176,-0.2533489,2.8742654,0.09659022
854,1778412916310,-0.27756702333333333,0.030418443333333336,1.0849210000000002,-0.22104186999999997,2.8620739111111115,0.17525377666666667
855,1778412916320,-0.27366435,0.04073069888888889,1.1186492222222222,-0.17370969000000003,2.848940666666667,0.21753799
856,1778412916330,-0.256264951,0.05793021,1.1322946699999998,-0.0819909734,2.85531382,0.25675438700000003
857,1778412916340,-0.2395160133333333,0.08492365333333333,1.0867910333333333,-0.007101099333333333,2.864440866666667,0.26396237333333333
858,1778412916350,-0.2435813,0.09793254,1.0586593,0.024662958,2.8852606,0.24930203999999997
859,1778412916360,-0.2727767622222222,0.09740744555555556,0.9994045244444444,-0.0009926267777777785,2.923608333333333,0.24984500666666667
860,1778412916370,-0.33075778333333333,0.09148229777777778,0.899466428888889,-0.07103644533333334,2.9846252,0.2588719666666666
861,1778412916380,-0.3509656,0.09256637,0.8804781399999999,-0.126827162,3.00865182,0.273735924
862,1778412916390,-0.3502270733333333,0.09845425277777778,0.8785810199999999,-0.17284432777777778,3.0125885,0.29599791111111107
863,1778412916400,-0.32386038,0.12942828,0.8719411,-0.17997088,2.992159,0.29694813
864,1778412916410,-0.30881068199999995,0.158118976,0.907729848,-0.1155875708,2.9333953900000003,0.215583272
865,1778412916420,-0.31922594,0.16238752,0.9012416599999999,-0.048027866,2.9188573,0.16256173
866,1778412916430,-0.37413768000000003,0.131623542,0.8162488680000001,0.0840373128,2.83399538,0.067758231
867,1778412916440,-0.41231064,0.10515857666666667,0.77256878,0.11072455,2.8173804,0.05613856
868,1778412916450,-0.43197644,0.09159071,0.73284763,0.12076959555555557,2.804891888888889,0.05702089333333333
869,1778412916460,-0.454605788,0.099575933,0.665700394,0.0918561565,2.7935571500000003,0.09200886999999999
870,1778412916470,-0.43205772,0.11782869111111112,0.5952142500000001,0.024459342000000002,2.7660690999999997,0.10147700166666668
871,1778412916480,-0.42246366888888887,0.1327347077777778,0.6169364222222222,-0.05793716555555555,2.7386488888888887,0.08165840115555555
872,1778412916490,-0.44002566,0.15333213,0.8123950000000001,-0.12743801,2.8124936,0.0012980504
873,1778412916500,-0.48200983,0.11162235999999999,0.8043457,-0.08406785,2.979942,-0.03115321
874,1778412916510,-0.489281597,0.107326378,0.7805272400000001,-0.0728893456,3.0103011,-0.021677441600000003
875,1778412916520,-0.5562723,0.07272781666666667,0.5432227666666667,0.030771431,3.2804787999999996,0.082744356
876,1778412916530,-0.5309455977777778,0.10428792555555556,0.45785868666666674,0.043327736666666665,3.262900022222222,0.12441771555555554
877,1778412916540,-0.46418865,0.16993369500000002,0.39959647,0.129117838,3.0668044,0.1100288656
878,1778412916550,-0.43295208,0.20629252,0.39069352,0.18042901,2.9103055,0.047722444
879,1778412916560,-0.4557244322222222,0.2126513,0.37574685555555554,0.2645223233333333,2.7043226444444444,-0.09249245466666667
880,1778412916570,-0.513481206,0.19514553699999998,0.28628500999999995,0.2374821408,2.56339008,-0.252035572
881,1778412916580,-0.6069324633333334,0.16449807333333333,0.28116476333333335,0.10380161311111111,2.642406466666667,-0.26877278222222223
882,1778412916590,-0.6486475840000001,0.146118274,0.245477734,-0.0812197818,2.84092081,-0.200174648
883,1778412916600,-0.63674444,0.16116793,0.28062615,-0.1885991,2.9329069,-0.1655396
884,1778412916610,-0.5800372433333334,0.1910883888888889,0.2708830222222222,-0.24086046666666666,3.0400086777777777,-0.17734932
885,1778412916620,-0.550337,0.20507295,0.2537648,-0.30038413,3.1485357,-0.22357009999999997
886,1778412916630,-0.5865721822222222,0.19656296555555555,0.1651552977777778,-0.2640048011111111,3.0920663666666663,-0.3112606066666667
887,1778412916640,-0.6150968533333333,0.17124983333333332,0.11084996666666666,-0.22762544999999998,2.932703222222222,-0.3646079444444445
888,1778412916650,-0.63235396,0.16555844,0.2066889,-0.20509197,2.872433,-0.3811687
889,1778412916660,-0.6626538566666667,0.14086866333333334,0.18026119,-0.010715278166666668,2.866332911111111,-0.36318264
890,1778412916670,-0.656843208,0.134013924,0.053801921399999994,0.177496948,2.85574142,-0.34060844
891,1778412916680,-0.6420022533333333,0.15105555999999998,-0.05617875233333333,0.22223811333333332,2.8511804111111108,-0.3470969844444445
892,1778412916690,-0.6433302,0.13967279,-0.15622863,0.18898088,2.8369274,-0.38177955
893,1778412916700,-0.63579624,0.15723479,-0.262189082,0.104439608,2.7992992400000003,-0.40670211
894,1778412916710,-0.6812728,0.17021996111111112,-0.33933890555555557,-0.1427261588888889,2.643763811111111,-0.46383668
895,1778412916720,-0.6554718511111112,0.1909257688888889,-0.29608434222222224,-0.3606544066666667,2.597543088888889,-0.4808725422222222
896,1778412916730,-0.631707588,0.21503692600000002,-0.153197954,-0.52303798,2.59216102,-0.52410696
897,1778412916740,-0.63249626,0.22257395333333335,-0.08446631,-0.4799732266666667,2.6496009333333337,-0.6214352666666667
898,1778412916750,-0.6521112139999999,0.19238927,-0.128736169,-0.409053852,2.67810716,-0.66484613
899,1778412916760,-0.6801616622222223,0.1585255088888889,-0.23589452666666666,-0.28328042,2.7057987999999997,-0.6949405666666667
900,1778412916770,-0.7049869488888889,0.13211136822222222,-0.3493665888888889,-0.2785972566666667,2.6640576666666664,-0.7034924333333333
901,1778412916780,-0.72850288,0.130160033,-0.369640465,-0.33031565,2.6457322,-0.6969767
902,1778412916790,-0.7133648,0.13918495,-0.37636343,-0.33031565,2.6457322,-0.6969767
903,1778412916800,-0.7133648,0.13918495,-0.37636343,-0.331354091,2.6423114599999997,-0.69532741
904,1778412916810,-0.6423545666666667,0.14601461333333335,-0.38554078666666663,-0.10547296499999999,2.3853075333333336,-0.7548035866666667
905,1778412916820,-0.6173734333333334,0.14268108666666668,-0.4916241933333334,0.07617774333333333,2.1953341333333336,-0.8533535866666666
906,1778412916830,-0.659340308,0.1162079995,-0.651556293,0.11079242,2.1094084,-0.90955156
907,1778412916840,-0.7197202022222222,0.09974497722222223,-0.7975702166666667,-0.12202522722222223,1.9654519555555556,-0.9443019888888889
908,1778412916850,-0.8222126,0.06841862,-0.7531537,-0.4194993699999999,1.8998877,-0.9419264999999999
909,1778412916860,-0.7765460000000001,0.08543858888888889,-0.6444752644444445,-0.7435877588888888,1.9353846999999997,-0.8491455455555555
910,1778412916870,-0.731579266,0.104530488,-0.51822535,-0.76303985,1.9665922200000001,-0.8394263000000001
911,1778412916880,-0.69775414,0.117882892,-0.48623772666666665,-0.7091766988888889,1.9896143666666666,-0.8471094066666667
912,1778412916890,-0.7049903266666667,0.10600212066666666,-0.5086983933333333,-0.5954912211111112,2.0138446888888892,-0.8838281011111111
913,1778412916900,-0.7194627,0.07573613,-0.5503675,-0.4952444,2.047102,-0.8942803999999999
914,1778412916910,-0.7457650644444445,0.029639264333333335,-0.6317374022222223,-0.32475015555555553,2.0570790333333333,-0.8410688
915,1778412916920,-0.7744232799999999,0.00472588532,-0.6826312980000001,-0.1129456548,1.99566852,-0.74816572
916,1778412916930,-0.7809602666666666,0.0035876075333333337,-0.7570563666666668,0.15395896533333334,1.8677164,-0.6206207866666666
917,1778412916940,-0.7667588888888889,-0.006819503777777777,-0.9075461666666667,0.5117118466666667,1.6698019333333334,-0.41985568333333334
918,1778412916950,-0.758663196,-0.017937022599999998,-0.99456412,0.67631481,1.58072002,-0.28728146200000004
919,1778412916960,-0.7090962333333333,-0.04855974144444444,-1.117111188888889,0.8484922866666667,1.4690368,-0.084475089
920,1778412916970,-0.6553024444444444,-0.04636449322222222,-1.1897747,0.9337394355555555,1.3962781333333334,0.03883122211111111
921,1778412916980,-0.5768324300000001,-0.0263795895,-1.31294241,0.9951770850000001,1.22813899,0.1139993713
922,1778412916990,-0.5958172888888889,-0.03446678033333333,-1.4208721888888889,1.0256380444444444,1.0647916777777777,0.10711037111111112
923,1778412917000,-0.6120784,-0.051405437,-1.4733483,1.0093488,0.8834379,0.10330954
924,1778412917010,-0.6714585666666667,-0.07224676411111111,-1.5948999777777777,0.7705753333333333,0.4948032488888889,0.12462132444444445
925,1778412917020,-0.6712451444444444,-0.06806969133333333,-1.5786320444444444,0.38268732222222224,0.09703987488888889,0.13473424066666667
926,1778412917030,-0.629561146,-0.03467275560000001,-1.39388016,0.117084143,-0.1018740498,0.0924364608
927,1778412917040,-0.6148495755555555,-0.02468301188888889,-1.2200746333333334,-0.17368424,-0.26645666333333334,-0.002799716666666667
928,1778412917050,-0.658697,-0.040429186,-1.0904295,-0.30282754,-0.32794863,-0.05131117
929,1778412917060,-0.716044838,-0.0681930028,-0.964190422,-0.382482012,-0.397768463,-0.06242859199999999
930,1778412917070,-0.7735884688888889,-0.1010865188888889,-0.7943112466666666,-0.45431765999999996,-0.48004958,-0.0452027
931,1778412917080,-0.803217582,-0.11597627699999999,-0.66104466,-0.43232715,-0.5228089,-0.013438639999999998
932,1778412917090,-0.8168735555555556,-0.12499035444444445,-0.5661272199999999,-0.25916891555555555,-0.5735092,0.10310593
933,1778412917100,-0.8246518,-0.12119609,-0.48810774,-0.15553698,-0.5735092,0.16011834
934,1778412917110,-0.829017908,-0.11112233900000001,-0.481378693,-0.1070967926,-0.5728983550000001,0.18094823
935,1778412917120,-0.83538413,-0.09241393,-0.49033347,0.16230721111111113,-0.57296623,0.2972874755555555
936,1778412917130,-0.8297252399999999,-0.0910419012,-0.49984623599999994,0.22428783599999996,-0.561780976,0.326268796
937,1778412917140,-0.8129438,-0.072870106,-0.52033526,0.3679591,-0.534415,0.3922403
938,1778412917150,-0.8235676688888889,-0.070403838,-0.5600089577777778,0.43399848444444444,-0.525863131111111,0.43975064555555554
939,1778412917160,-0.8141054000000001,-0.050576122,-0.580247262,0.49758090800000004,-0.536247532,0.47653722600000004
940,1778412917170,-0.7872749188888889,-0.019096641666666667,-0.60037378,0.6101939944444444,-0.5686224444444444,0.5249977755555556
941,1778412917180,-0.76559347,-0.008445615,-0.63942754,0.6560075555555556,-0.5918346222222222,0.5157672
942,1778412917190,-0.74738506,0.028202863899999996,-0.71401118,0.6639757399999999,-0.627569201,0.49626760000000003
943,1778412917200,-0.7211701,0.050612707,-0.7548611,0.6477272,-0.67674243,0.4710396
944,1778412917210,-0.7112427100000001,0.0764434834,-0.8011412310000001,0.57674671,-0.753709146,0.39810443799999995
945,1778412917220,-0.70789022,0.09476839977777779,-0.8340256522222222,0.46935975444444444,-0.8320333222222221,0.3231466866666667
946,1778412917230,-0.72612976,0.10022942466666668,-0.7919568033333334,0.32845765666666665,-0.8691593000000001,0.25500327
947,1778412917240,-0.732073228,0.095542157,-0.741095081,0.195211513,-0.88351419,0.190905032
948,1778412917250,-0.73873216,0.091102876,-0.6884853,0.16271444,-0.8856522,0.16867019
949,1778412917260,-0.7430176088888889,0.086495563,-0.6389092555555556,0.16604016333333332,-0.8905389777777777,0.16262959066666668
950,1778412917270,-0.781823042,0.050945045099999996,-0.59564756,0.24853847899999998,-0.96115288,0.1038593072
951,1778412917280,-0.7989795444444445,0.03128569888888889,-0.6175631555555555,0.3963295911111111,-1.0503093777777777,0.08328732666666666
952,1778412917290,-0.78535068,0.0239953032,-0.671850172,0.449812657,-1.12620386,0.09365815499999999
953,1778412917300,-0.7658374,0.025946636,-0.70677906,0.43270892,-1.1758046,0.08681667
954,1778412917310,-0.7658374,0.025946636,-0.70677906,0.43270892,-1.1758046,0.08681667
955,1778412917320,-0.7658374,0.025946636000000002,-0.70677906,0.43270891999999994,-1.1758046,0.08681667
956,1778412917330,-0.7659458044444444,0.024374728555555555,-0.7078631366666667,0.42537875444444445,-1.1813022333333332,0.08525561555555555
957,1778412917340,-0.76681304,0.011799469,-0.71653575,0.36673743,-1.2252833,0.07276718
958,1778412917350,-0.8002601,-0.0670161,-0.6252804,0.16149275,-1.5172682,0.004352287
959,1778412917360,-0.82156215,-0.08557748777777778,-0.5865552277777778,0.12185554666666665,-1.5762489444444445,0.04575415611111111
960,1778412917370,-0.830993615,-0.09280419879999999,-0.548041132,0.08867975139999999,-1.59826662,0.085717142
961,1778412917380,-0.84188859,-0.10111362266666667,-0.5142373,0.045974739888888894,-1.5875157222222223,0.14810500999999998
962,1778412917390,-0.8549516277777778,-0.12199559777777777,-0.5045348333333333,0.0016543780000000004,-1.5388515,0.21875967666666668
963,1778412917400,-0.8545315,-0.13093141800000002,-0.500135898,-0.048027866,-1.4928343,0.28595287
964,1778412917410,-0.8271722333333335,-0.11550470666666666,-0.44265792000000004,-0.04517724588888889,-1.4928343,0.32918728888888893
965,1778412917420,-0.8141633,-0.11192726000000001,-0.4410318,0.02513806055555555,-1.5596203444444443,0.3708606466666666
966,1778412917430,-0.8103948580000001,-0.098316708,-0.445178422,0.1597212846,-1.7208025200000001,0.40659519899999996
967,1778412917440,-0.7900122111111112,-0.07888332777777779,-0.4690348455555556,0.2964221088888889,-1.9183233555555554,0.43812171555555557
968,1778412917450,-0.7653495,-0.05799118999999999,-0.49618748,0.35390964,-2.054203,0.44477317000000005
969,1778412917460,-0.7671382244444445,-0.05945468888888889,-0.5027461333333334,0.32710022111111114,-2.1501059999999996,0.44952420444444446
970,1778412917470,-0.7749977644444445,-0.07060032499999999,-0.4953947777777778,0.2547487477777778,-2.297930977777778,0.4646596388888889
971,1778412917480,-0.780984601,-0.0807303195,-0.45490153499999997,0.152452207,-2.2978698900000003,0.497855775
972,1778412917490,-0.7865702866666666,-0.08688515000000001,-0.38895562666666667,0.04896110533333334,-2.269899966666667,0.5507890555555556
973,1778412917500,-0.7788665911111111,-0.07939826555555556,-0.3717594977777778,0.010002624,-2.242344,0.5968741
974,1778412917510,-0.73312205,-0.05433244,-0.39416936,-0.040025766899999995,-2.28962352,0.655148965
975,1778412917520,-0.68211293,-0.0021037813,-0.3538926,-0.057801420000000006,-2.4335392,0.6396334
976,1778412917530,-0.655282157,0.0221506834,-0.341004658,-0.057434913600000005,-2.60495047,0.5808088600000001
977,1778412917540,-0.6442788088888889,0.044975525333333335,-0.28057193999999996,-0.058344396444444446,-2.798969988888889,0.5089799888888888
978,1778412917550,-0.6535747,0.05427146,-0.22211662,-0.04741702,-2.89114,0.46004435000000005
979,1778412917560,-0.6668468,0.056905761,-0.18184902799999997,-0.0286640083,-2.93854183,0.441535674
980,1778412917570,-0.6892170377777779,0.05424435444444445,-0.13809409555555555,-0.010291079,-2.9748940555555556,0.43011282777777776
981,1778412917580,-0.68700823,0.06229360388888889,-0.13401526888888887,-0.05807290722222222,-2.9127911777777777,0.4608588177777778
982,1778412917590,-0.6801372069999999,0.065198924,-0.155716405,-0.18036792399999999,-2.82651236,0.500726758
983,1778412917600,-0.6501530955555554,0.07628155333333334,-0.14749166988888887,-0.22769332,-2.811119,0.5113555
984,1778412917610,-0.549678441,0.149648969,-0.00815291415,-0.306003925,-2.89584355,0.43512177
985,1778412917620,-0.54301953,0.14674637,0.0036282605,-0.26495498,-2.9980383,0.3598654
986,1778412917630,-0.56194337,0.15451782555555557,0.03416527294444444,-0.24662957555555554,-3.090072722222222,0.30841848222222223
987,1778412917640,-0.6034346,0.13869711499999998,0.07293108699999999,-0.275767002,-3.19613617,0.24691973600000003
988,1778412917650,-0.6313783,0.12869653,0.11979358,-0.32712567555555555,-3.249978911111111,0.2266328188888889
989,1778412917660,-0.7169693333333333,0.12997031333333334,0.23654158111111112,-0.3270578,-3.223033766666666,0.28106610000000004
990,1778412917670,-0.724481254,0.16558283000000001,0.277644252,-0.28315824,-3.17677222,0.352413056
991,1778412917680,-0.6499871033333333,0.23533893666666664,0.22163894333333334,-0.30588177666666666,-3.1611345333333336,0.3356351166666667
992,1778412917690,-0.573972553,0.293992761,0.15526516099999998,-0.38284853,-3.1525826,0.27495763
993,1778412917700,-0.49176651,0.31050594,0.20423956,-0.7057831066666667,-3.1660212666666663,-0.018274513333333336
994,1778412917710,-0.4679439733333333,0.25878543333333337,0.3586286533333333,-0.89351684,-3.1586912,-0.21379654
995,1778412917720,-0.46398135400000007,0.21056411700000002,0.490589598,-1.01006652,-3.06804147,-0.36895174399999997
996,1778412917730,-0.4379117555555555,0.13979813,0.6182508377777778,-1.0000079,-3.0014997444444442,-0.48141550555555557
997,1778412917740,-0.40505075555555553,0.07678293855555557,0.7087371888888889,-0.9193760499999999,-2.9780839666666665,-0.5509842133333334
998,1778412917750,-0.3741377,0.048173543,0.7301646,-0.815878151,-2.9911357700000005,-0.593499176
999,1778412917760,-0.38731933333333335,-0.03286777,0.8524278066666667,-0.5789304799999999,-3.0776521999999997,-0.6409824
1000,1778412917770,-0.403926,-0.0582351,0.9500555,-0.45798272,-3.0890546,-0.6303944
